LABEL obj_he byte

;Vertex, Faces:
	db 79, 75

;Vertex list:
	db 80, 74
	db 80, 74
	db 83, 73
	db 94, 76
	db 94, 58
	db 89, 59
	db 86, 56
	db 86, 53
	db 94, 51
	db 95, 26
	db 82, 25
	db 80, 23
	db 81, 19
	db 95, 20
	db 98, 3
	db 101, 3
	db 104, 6
	db 102, 20
	db 129, 20
	db 132, 23
	db 130, 26
	db 101, 26
	db 101, 50
	db 115, 51
	db 124, 53
	db 122, 58
	db 111, 56
	db 101, 57
	db 101, 76
	db 118, 75
	db 129, 72
	db 133, 73
	db 133, 77
	db 118, 81
	db 102, 82
	db 104, 99
	db 99, 101
	db 96, 91
	db 95, 82
	db 80, 78
	db 7, 47
	db 17, 44
	db 20, 18
	db 24, 17
	db 26, 20
	db 24, 43
	db 42, 41
	db 39, 4
	db 42, 2
	db 46, 4
	db 49, 41
	db 62, 42
	db 59, 21
	db 62, 17
	db 66, 19
	db 68, 42
	db 79, 43
	db 80, 46
	db 78, 49
	db 69, 48
	db 68, 66
	db 65, 83
	db 61, 84
	db 59, 80
	db 62, 61
	db 62, 48
	db 49, 48
	db 47, 88
	db 45, 102
	db 39, 101
	db 41, 88
	db 42, 48
	db 24, 49
	db 26, 79
	db 25, 83
	db 20, 81
	db 17, 51
	db 8, 52
	db 6, 51

;Faces list:
	db 37, 36, 35
	db 37, 35, 34
	db 38, 37, 34
	db 25, 24, 23
	db 26, 25, 23
	db 26, 23, 22
	db 27, 26, 22
	db 20, 19, 18
	db 21, 20, 18
	db 21, 18, 17
	db 15, 14, 13
	db 16, 15, 13
	db 17, 16, 13
	db 21, 17, 13
	db 33, 32, 31
	db 33, 31, 30
	db 33, 30, 29
	db 33, 29, 28
	db 34, 33, 28
	db 38, 34, 28
	db 13, 12, 11
	db 13, 11, 10
	db 13, 10, 9
	db 21, 13, 9
	db 21, 9, 8
	db 22, 21, 8
	db 27, 22, 8
	db 0, 39, 38
	db 1, 0, 38
	db 2, 1, 38
	db 3, 2, 38
	db 3, 38, 28
	db 3, 28, 27
	db 4, 3, 27
	db 4, 27, 8
	db 4, 8, 7
	db 5, 4, 7
	db 6, 5, 7
	db 75, 74, 73
	db 76, 75, 73
	db 76, 73, 72
	db 70, 69, 68
	db 70, 68, 67
	db 71, 70, 67
	db 71, 67, 66
	db 54, 53, 52
	db 55, 54, 52
	db 55, 52, 51
	db 63, 62, 61
	db 63, 61, 60
	db 64, 63, 60
	db 64, 60, 59
	db 65, 64, 59
	db 49, 48, 47
	db 49, 47, 46
	db 50, 49, 46
	db 40, 78, 77
	db 40, 77, 76
	db 41, 40, 76
	db 41, 76, 72
	db 43, 42, 41
	db 44, 43, 41
	db 45, 44, 41
	db 45, 41, 72
	db 45, 72, 71
	db 46, 45, 71
	db 46, 71, 66
	db 50, 46, 66
	db 51, 50, 66
	db 51, 66, 65
	db 51, 65, 59
	db 55, 51, 59
	db 56, 55, 59
	db 56, 59, 58
	db 56, 58, 57
