LABEL obj_mos byte

;Vertex, Faces:
	db 146, 144

;Vertex list:
	db 182, 55
	db 186, 66
	db 181, 79
	db 171, 85
	db 154, 85
	db 140, 80
	db 140, 85
	db 136, 86
	db 133, 84
	db 134, 75
	db 130, 69
	db 135, 66
	db 138, 69
	db 146, 63
	db 150, 66
	db 149, 69
	db 142, 74
	db 157, 78
	db 168, 78
	db 176, 75
	db 180, 67
	db 177, 60
	db 162, 51
	db 158, 58
	db 153, 60
	db 150, 57
	db 156, 49
	db 143, 43
	db 135, 32
	db 138, 19
	db 149, 12
	db 163, 12
	db 173, 17
	db 180, 9
	db 185, 12
	db 179, 21
	db 184, 26
	db 181, 31
	db 177, 27
	db 175, 37
	db 171, 39
	db 169, 34
	db 171, 22
	db 163, 18
	db 153, 18
	db 144, 22
	db 142, 30
	db 146, 37
	db 160, 43
	db 162, 34
	db 167, 35
	db 165, 45
	db 132, 49
	db 129, 51
	db 123, 50
	db 121, 63
	db 114, 77
	db 102, 84
	db 104, 99
	db 101, 102
	db 98, 101
	db 95, 83
	db 84, 79
	db 73, 67
	db 70, 50
	db 63, 52
	db 60, 49
	db 63, 46
	db 71, 44
	db 74, 33
	db 83, 21
	db 95, 18
	db 97, 4
	db 102, 3
	db 103, 7
	db 102, 18
	db 113, 23
	db 121, 33
	db 123, 43
	db 131, 45
	db 105, 52
	db 106, 48
	db 117, 44
	db 115, 36
	db 108, 27
	db 101, 25
	db 99, 52
	db 101, 76
	db 109, 71
	db 115, 61
	db 117, 51
	db 108, 54
	db 94, 25
	db 86, 27
	db 80, 34
	db 77, 44
	db 87, 48
	db 87, 53
	db 83, 53
	db 77, 52
	db 79, 64
	db 86, 72
	db 94, 76
	db 92, 49
	db 17, 16
	db 23, 31
	db 29, 36
	db 29, 15
	db 32, 12
	db 35, 14
	db 36, 36
	db 42, 31
	db 47, 17
	db 51, 15
	db 54, 18
	db 58, 31
	db 59, 44
	db 56, 67
	db 49, 87
	db 45, 87
	db 44, 85
	db 48, 74
	db 51, 58
	db 52, 40
	db 50, 29
	db 43, 39
	db 36, 43
	db 36, 65
	db 33, 88
	db 30, 91
	db 27, 88
	db 29, 72
	db 30, 43
	db 22, 39
	db 14, 28
	db 12, 39
	db 12, 55
	db 14, 74
	db 18, 84
	db 16, 87
	db 13, 87
	db 8, 78
	db 6, 58
	db 6, 38
	db 8, 25
	db 12, 16

;Faces list:
	db 35, 34, 33
	db 35, 33, 32
	db 38, 37, 36
	db 38, 36, 35
	db 51, 50, 49
	db 51, 49, 48
	db 11, 10, 9
	db 12, 11, 9
	db 41, 40, 39
	db 41, 39, 38
	db 42, 41, 38
	db 42, 38, 35
	db 42, 35, 32
	db 43, 42, 32
	db 43, 32, 31
	db 44, 43, 31
	db 44, 31, 30
	db 45, 44, 30
	db 45, 30, 29
	db 45, 29, 28
	db 46, 45, 28
	db 46, 28, 27
	db 47, 46, 27
	db 47, 27, 26
	db 48, 47, 26
	db 51, 48, 26
	db 26, 25, 24
	db 26, 24, 23
	db 26, 23, 22
	db 51, 26, 22
	db 0, 51, 22
	db 0, 22, 21
	db 1, 0, 21
	db 1, 21, 20
	db 2, 1, 20
	db 2, 20, 19
	db 3, 2, 19
	db 3, 19, 18
	db 4, 3, 18
	db 4, 18, 17
	db 4, 17, 16
	db 5, 4, 16
	db 15, 14, 13
	db 15, 13, 12
	db 16, 15, 12
	db 16, 12, 9
	db 5, 16, 9
	db 5, 9, 8
	db 6, 5, 8
	db 7, 6, 8
	db 57, 56, 102
	db 81, 80, 52
	db 82, 81, 52
	db 82, 52, 79
	db 82, 79, 78
	db 82, 78, 77
	db 83, 82, 77
	db 83, 77, 76
	db 84, 83, 76
	db 84, 76, 75
	db 85, 84, 75
	db 98, 97, 96
	db 98, 96, 95
	db 99, 98, 95
	db 74, 73, 72
	db 74, 72, 71
	db 75, 74, 71
	db 85, 75, 71
	db 67, 66, 65
	db 67, 65, 64
	db 68, 67, 64
	db 60, 59, 58
	db 61, 60, 58
	db 61, 58, 57
	db 61, 57, 102
	db 62, 61, 102
	db 62, 102, 101
	db 63, 62, 101
	db 63, 101, 100
	db 64, 63, 100
	db 64, 100, 99
	db 64, 99, 95
	db 68, 64, 95
	db 69, 68, 95
	db 69, 95, 94
	db 70, 69, 94
	db 70, 94, 93
	db 71, 70, 93
	db 71, 93, 92
	db 85, 71, 92
	db 86, 85, 92
	db 86, 92, 103
	db 86, 103, 102
	db 87, 86, 102
	db 87, 102, 56
	db 88, 87, 56
	db 88, 56, 55
	db 89, 88, 55
	db 89, 55, 54
	db 90, 89, 54
	db 54, 53, 52
	db 54, 52, 80
	db 90, 54, 80
	db 91, 90, 80
	db 114, 113, 112
	db 130, 129, 128
	db 131, 130, 128
	db 131, 128, 127
	db 132, 131, 127
	db 132, 127, 126
	db 114, 112, 111
	db 104, 145, 144
	db 105, 104, 144
	db 109, 108, 107
	db 109, 107, 106
	db 110, 109, 106
	db 119, 118, 117
	db 120, 119, 117
	db 121, 120, 117
	db 122, 121, 117
	db 122, 117, 116
	db 123, 122, 116
	db 123, 116, 115
	db 124, 123, 115
	db 124, 115, 114
	db 124, 114, 111
	db 125, 124, 111
	db 125, 111, 110
	db 126, 125, 110
	db 126, 110, 106
	db 132, 126, 106
	db 133, 132, 106
	db 133, 106, 105
	db 134, 133, 105
	db 134, 105, 144
	db 134, 144, 143
	db 135, 134, 143
	db 135, 143, 142
	db 136, 135, 142
	db 137, 136, 142
	db 137, 142, 141
	db 138, 137, 141
	db 138, 141, 140
	db 138, 140, 139
