LABEL obj_p1p byte

;Vertex, Faces:
	db 64, 64

;Vertex list:
	db 184, 151
	db 157, 149
	db 127, 147
	db 128, 172
	db 129, 196
	db 121, 198
	db 113, 195
	db 112, 171
	db 112, 147
	db 90, 146
	db 68, 146
	db 40, 145
	db 11, 143
	db 6, 138
	db 10, 133
	db 39, 133
	db 68, 134
	db 90, 134
	db 112, 135
	db 112, 115
	db 112, 95
	db 90, 91
	db 68, 86
	db 20, 72
	db 2, 54
	db 17, 40
	db 68, 30
	db 93, 28
	db 122, 27
	db 125, 14
	db 128, 2
	db 136, 1
	db 142, 4
	db 141, 15
	db 139, 26
	db 165, 26
	db 194, 26
	db 198, 32
	db 194, 38
	db 164, 38
	db 137, 38
	db 134, 63
	db 131, 87
	db 160, 92
	db 184, 94
	db 189, 99
	db 184, 104
	db 164, 102
	db 130, 97
	db 129, 117
	db 128, 136
	db 157, 137
	db 186, 139
	db 193, 145
	db 113, 83
	db 115, 61
	db 119, 39
	db 90, 40
	db 68, 42
	db 30, 47
	db 18, 55
	db 30, 62
	db 68, 73
	db 90, 79

;Faces list:
	db 0, 53, 52
	db 1, 0, 52
	db 1, 52, 51
	db 2, 1, 51
	db 2, 51, 50
	db 14, 13, 12
	db 15, 14, 12
	db 15, 12, 11
	db 16, 15, 11
	db 16, 11, 10
	db 17, 16, 10
	db 17, 10, 9
	db 18, 17, 9
	db 18, 9, 8
	db 39, 38, 37
	db 39, 37, 36
	db 39, 36, 35
	db 39, 35, 34
	db 40, 39, 34
	db 46, 45, 44
	db 47, 46, 44
	db 47, 44, 43
	db 48, 47, 43
	db 48, 43, 42
	db 54, 48, 42
	db 54, 42, 41
	db 55, 54, 41
	db 55, 41, 40
	db 56, 55, 40
	db 56, 40, 34
	db 31, 30, 29
	db 32, 31, 29
	db 33, 32, 29
	db 34, 33, 29
	db 34, 29, 28
	db 56, 34, 28
	db 56, 28, 27
	db 57, 56, 27
	db 57, 27, 26
	db 58, 57, 26
	db 58, 26, 25
	db 59, 58, 25
	db 60, 59, 25
	db 60, 25, 24
	db 60, 24, 23
	db 61, 60, 23
	db 61, 23, 22
	db 62, 61, 22
	db 63, 62, 22
	db 63, 22, 21
	db 54, 63, 21
	db 54, 21, 20
	db 2, 18, 8
	db 2, 8, 7
	db 3, 2, 7
	db 3, 7, 6
	db 4, 3, 6
	db 4, 6, 5
	db 20, 48, 54
	db 19, 49, 48
	db 19, 48, 20
	db 2, 50, 18
	db 18, 50, 49
	db 18, 49, 19
