LABEL obj_p2o byte

;Vertex, Faces:
	db 66, 66

;Vertex list:
	db 33, 89
	db 43, 68
	db 62, 47
	db 92, 34
	db 90, 12
	db 96, 6
	db 102, 7
	db 104, 13
	db 106, 32
	db 144, 43
	db 168, 69
	db 176, 100
	db 174, 120
	db 189, 121
	db 194, 123
	db 196, 129
	db 190, 136
	db 169, 135
	db 152, 157
	db 130, 171
	db 111, 178
	db 114, 193
	db 111, 197
	db 104, 197
	db 99, 192
	db 96, 179
	db 65, 168
	db 40, 142
	db 31, 102
	db 6, 99
	db 2, 95
	db 3, 90
	db 8, 87
	db 115, 146
	db 111, 164
	db 124, 160
	db 139, 151
	db 152, 133
	db 123, 128
	db 118, 124
	db 117, 117
	db 122, 114
	db 158, 118
	db 162, 99
	db 155, 76
	db 135, 54
	db 109, 45
	db 119, 60
	db 116, 66
	db 108, 67
	db 102, 61
	db 94, 47
	db 69, 59
	db 54, 76
	db 46, 91
	db 74, 96
	db 77, 100
	db 77, 106
	db 71, 109
	db 44, 105
	db 50, 129
	db 65, 151
	db 95, 163
	db 100, 147
	db 106, 142
	db 111, 142

;Faces list:
	db 1, 0, 54
	db 1, 54, 53
	db 2, 1, 53
	db 2, 53, 52
	db 3, 2, 52
	db 3, 52, 51
	db 23, 22, 21
	db 23, 21, 20
	db 24, 23, 20
	db 25, 24, 20
	db 6, 5, 4
	db 7, 6, 4
	db 8, 7, 4
	db 8, 4, 3
	db 8, 3, 51
	db 65, 64, 63
	db 33, 65, 63
	db 33, 63, 62
	db 34, 33, 62
	db 15, 14, 13
	db 16, 15, 13
	db 17, 16, 13
	db 17, 13, 12
	db 51, 47, 46
	db 8, 51, 46
	db 9, 8, 46
	db 9, 46, 45
	db 10, 9, 45
	db 10, 45, 44
	db 11, 10, 44
	db 11, 44, 43
	db 12, 11, 43
	db 12, 43, 42
	db 17, 12, 42
	db 42, 38, 37
	db 18, 37, 36
	db 19, 18, 36
	db 19, 36, 35
	db 20, 19, 35
	db 20, 35, 34
	db 20, 34, 62
	db 25, 20, 62
	db 26, 25, 62
	db 26, 62, 61
	db 27, 26, 61
	db 27, 61, 60
	db 28, 27, 60
	db 28, 60, 59
	db 0, 32, 28
	db 54, 0, 28
	db 54, 28, 59
	db 55, 54, 59
	db 55, 59, 58
	db 56, 55, 58
	db 57, 56, 58
	db 18, 17, 37
	db 37, 17, 42
	db 28, 32, 29
	db 29, 32, 31
	db 31, 30, 29
	db 50, 47, 51
	db 48, 47, 50
	db 50, 49, 48
	db 38, 42, 41
	db 41, 40, 38
	db 38, 40, 39
