LABEL obj_p3i byte

;Vertex, Faces:
	db 76, 72

;Vertex list:
	db 162, 113
	db 165, 120
	db 157, 125
	db 134, 120
	db 110, 116
	db 110, 127
	db 110, 139
	db 135, 140
	db 159, 140
	db 162, 145
	db 157, 150
	db 134, 150
	db 109, 149
	db 108, 173
	db 107, 192
	db 99, 197
	db 91, 192
	db 93, 169
	db 94, 148
	db 71, 144
	db 57, 140
	db 52, 132
	db 57, 129
	db 75, 133
	db 94, 136
	db 94, 124
	db 94, 112
	db 68, 109
	db 42, 105
	db 39, 99
	db 44, 94
	db 69, 97
	db 94, 100
	db 93, 91
	db 93, 80
	db 67, 79
	db 39, 76
	db 36, 71
	db 41, 66
	db 66, 65
	db 91, 66
	db 90, 56
	db 88, 46
	db 96, 44
	db 106, 51
	db 107, 60
	db 108, 68
	db 133, 71
	db 156, 75
	db 162, 83
	db 153, 88
	db 132, 84
	db 108, 82
	db 109, 92
	db 109, 103
	db 146, 110
	db 119, 5
	db 134, 2
	db 138, 11
	db 124, 24
	db 107, 35
	db 99, 37
	db 94, 35
	db 89, 35
	db 84, 35
	db 74, 39
	db 64, 36
	db 55, 24
	db 42, 17
	db 41, 9
	db 54, 6
	db 66, 13
	db 78, 23
	db 88, 23
	db 98, 22
	db 111, 14

;Faces list:
	db 50, 49, 48
	db 51, 50, 48
	db 51, 48, 47
	db 52, 51, 47
	db 52, 47, 46
	db 16, 15, 14
	db 17, 16, 14
	db 17, 14, 13
	db 17, 13, 12
	db 18, 17, 12
	db 43, 42, 41
	db 44, 43, 41
	db 45, 44, 41
	db 45, 41, 40
	db 46, 45, 40
	db 52, 46, 40
	db 9, 8, 7
	db 10, 9, 7
	db 11, 10, 7
	db 12, 11, 7
	db 12, 7, 6
	db 18, 12, 6
	db 23, 22, 21
	db 23, 21, 20
	db 23, 20, 19
	db 23, 19, 18
	db 24, 23, 18
	db 24, 18, 6
	db 24, 6, 5
	db 25, 24, 5
	db 25, 5, 4
	db 26, 25, 4
	db 31, 30, 29
	db 31, 29, 28
	db 31, 28, 27
	db 32, 31, 27
	db 32, 27, 26
	db 32, 26, 4
	db 2, 1, 0
	db 3, 2, 0
	db 3, 0, 55
	db 3, 55, 54
	db 4, 3, 54
	db 32, 4, 54
	db 32, 54, 53
	db 33, 32, 53
	db 33, 53, 52
	db 34, 33, 52
	db 34, 52, 40
	db 35, 34, 40
	db 35, 40, 39
	db 36, 35, 39
	db 36, 39, 38
	db 36, 38, 37
	db 58, 57, 56
	db 59, 58, 56
	db 59, 56, 75
	db 59, 75, 74
	db 60, 59, 74
	db 61, 60, 74
	db 62, 61, 74
	db 62, 74, 73
	db 63, 62, 73
	db 64, 63, 73
	db 64, 73, 72
	db 65, 64, 72
	db 66, 65, 72
	db 67, 66, 72
	db 67, 72, 71
	db 68, 67, 71
	db 68, 71, 70
	db 68, 70, 69
