LABEL obj_p4s byte

;Vertex, Faces:
	db 86, 84

;Vertex list:
	db 183, 28
	db 180, 36
	db 178, 51
	db 174, 55
	db 165, 55
	db 161, 50
	db 161, 35
	db 155, 34
	db 155, 52
	db 152, 58
	db 143, 59
	db 137, 54
	db 137, 31
	db 106, 30
	db 79, 33
	db 60, 42
	db 52, 54
	db 58, 62
	db 75, 70
	db 98, 80
	db 135, 75
	db 146, 77
	db 148, 83
	db 139, 87
	db 119, 90
	db 142, 104
	db 163, 122
	db 172, 137
	db 152, 162
	db 111, 175
	db 56, 179
	db 58, 192
	db 50, 197
	db 42, 195
	db 39, 177
	db 35, 177
	db 37, 193
	db 32, 197
	db 24, 198
	db 20, 193
	db 17, 177
	db 12, 175
	db 9, 172
	db 9, 169
	db 10, 166
	db 16, 166
	db 13, 151
	db 16, 145
	db 23, 144
	db 27, 148
	db 33, 166
	db 37, 166
	db 32, 146
	db 33, 140
	db 42, 140
	db 48, 145
	db 54, 167
	db 94, 166
	db 130, 157
	db 150, 137
	db 144, 124
	db 126, 110
	db 100, 95
	db 90, 100
	db 71, 115
	db 59, 116
	db 52, 111
	db 54, 104
	db 79, 86
	db 57, 77
	db 38, 66
	db 30, 54
	db 38, 40
	db 62, 25
	db 104, 17
	db 141, 19
	db 150, 5
	db 158, 1
	db 165, 3
	db 168, 8
	db 159, 22
	db 166, 23
	db 176, 6
	db 185, 3
	db 191, 5
	db 193, 9

;Faces list:
	db 39, 38, 37
	db 39, 37, 36
	db 40, 39, 36
	db 40, 36, 35
	db 23, 22, 21
	db 23, 21, 20
	db 24, 23, 20
	db 24, 20, 19
	db 79, 78, 77
	db 79, 77, 76
	db 79, 76, 75
	db 80, 79, 75
	db 54, 53, 52
	db 55, 54, 52
	db 56, 55, 52
	db 56, 52, 51
	db 50, 49, 46
	db 50, 46, 45
	db 34, 33, 31
	db 34, 31, 30
	db 4, 3, 2
	db 5, 4, 2
	db 5, 2, 1
	db 6, 5, 1
	db 6, 1, 0
	db 11, 10, 9
	db 11, 9, 8
	db 12, 11, 8
	db 12, 8, 7
	db 50, 45, 40
	db 50, 40, 35
	db 51, 50, 35
	db 51, 35, 34
	db 56, 51, 34
	db 56, 34, 30
	db 57, 56, 30
	db 57, 30, 29
	db 58, 57, 29
	db 58, 29, 28
	db 59, 58, 28
	db 59, 28, 27
	db 59, 27, 26
	db 60, 59, 26
	db 60, 26, 25
	db 61, 60, 25
	db 61, 25, 24
	db 62, 61, 24
	db 62, 24, 19
	db 63, 62, 19
	db 67, 64, 63
	db 68, 67, 63
	db 69, 68, 18
	db 69, 18, 17
	db 70, 69, 17
	db 70, 17, 16
	db 71, 70, 16
	db 72, 71, 16
	db 72, 16, 15
	db 73, 72, 15
	db 73, 15, 14
	db 74, 73, 14
	db 74, 14, 13
	db 75, 74, 13
	db 75, 13, 12
	db 80, 75, 12
	db 80, 12, 7
	db 81, 80, 7
	db 81, 7, 6
	db 81, 6, 0
	db 82, 81, 0
	db 82, 0, 85
	db 82, 85, 84
	db 82, 84, 83
	db 41, 40, 45
	db 41, 45, 44
	db 44, 42, 41
	db 42, 44, 43
	db 46, 49, 48
	db 48, 47, 46
	db 33, 32, 31
	db 63, 19, 68
	db 68, 19, 18
	db 64, 66, 65
	db 66, 64, 67
