LABEL obj_p5o byte

;Vertex, Faces:
	db 64, 64

;Vertex list:
	db 178, 91
	db 160, 144
	db 122, 171
	db 87, 177
	db 85, 189
	db 80, 196
	db 74, 197
	db 67, 188
	db 69, 175
	db 41, 160
	db 25, 137
	db 19, 111
	db 9, 116
	db 4, 115
	db 2, 110
	db 4, 104
	db 19, 92
	db 28, 68
	db 46, 47
	db 74, 32
	db 69, 7
	db 73, 1
	db 80, 0
	db 85, 7
	db 92, 29
	db 128, 34
	db 159, 51
	db 176, 79
	db 189, 80
	db 194, 81
	db 197, 87
	db 193, 90
	db 163, 92
	db 142, 95
	db 134, 94
	db 132, 88
	db 138, 83
	db 161, 80
	db 149, 60
	db 125, 46
	db 96, 40
	db 101, 51
	db 94, 63
	db 87, 59
	db 79, 43
	db 62, 52
	db 48, 66
	db 38, 85
	db 50, 83
	db 59, 86
	db 60, 92
	db 52, 96
	db 35, 101
	db 38, 127
	db 52, 149
	db 74, 162
	db 81, 146
	db 89, 142
	db 96, 144
	db 99, 150
	db 93, 164
	db 121, 157
	db 148, 134
	db 100, 59

;Faces list:
	db 2, 1, 62
	db 2, 62, 61
	db 2, 61, 60
	db 3, 2, 60
	db 51, 50, 49
	db 51, 49, 48
	db 52, 51, 48
	db 52, 48, 47
	db 23, 22, 21
	db 23, 21, 20
	db 23, 20, 19
	db 24, 23, 19
	db 6, 5, 4
	db 7, 6, 4
	db 8, 7, 4
	db 8, 4, 3
	db 8, 3, 60
	db 35, 34, 33
	db 36, 35, 33
	db 36, 33, 32
	db 37, 36, 32
	db 37, 32, 0
	db 59, 58, 57
	db 59, 57, 56
	db 60, 59, 56
	db 60, 56, 55
	db 9, 55, 54
	db 10, 9, 54
	db 10, 54, 53
	db 11, 10, 53
	db 11, 53, 52
	db 14, 13, 12
	db 14, 12, 11
	db 15, 14, 11
	db 16, 15, 11
	db 16, 11, 52
	db 16, 52, 47
	db 17, 16, 47
	db 17, 47, 46
	db 18, 17, 46
	db 18, 46, 45
	db 19, 18, 45
	db 19, 45, 44
	db 24, 19, 44
	db 30, 29, 28
	db 31, 30, 28
	db 31, 28, 27
	db 0, 31, 27
	db 37, 0, 27
	db 38, 26, 25
	db 39, 38, 25
	db 39, 25, 24
	db 40, 39, 24
	db 40, 24, 44
	db 41, 40, 44
	db 41, 44, 43
	db 41, 43, 63
	db 63, 43, 42
	db 9, 8, 55
	db 8, 60, 55
	db 27, 26, 38
	db 38, 37, 27
	db 62, 1, 0
	db 0, 32, 62
