LABEL obj_poi byte

;Vertex, Faces:
	db 206, 202

;Vertex list:
	db 57, 138
	db 49, 136
	db 40, 135
	db 40, 152
	db 41, 168
	db 38, 170
	db 36, 168
	db 36, 151
	db 36, 135
	db 29, 134
	db 23, 134
	db 14, 133
	db 6, 132
	db 4, 128
	db 6, 125
	db 14, 125
	db 23, 126
	db 29, 126
	db 36, 126
	db 36, 113
	db 36, 99
	db 29, 97
	db 23, 94
	db 9, 84
	db 3, 72
	db 8, 62
	db 23, 55
	db 30, 54
	db 39, 53
	db 39, 45
	db 41, 36
	db 43, 35
	db 45, 38
	db 44, 45
	db 44, 53
	db 51, 53
	db 60, 53
	db 61, 57
	db 60, 60
	db 51, 61
	db 43, 61
	db 42, 77
	db 41, 94
	db 50, 97
	db 57, 99
	db 58, 103
	db 57, 105
	db 51, 104
	db 41, 101
	db 41, 114
	db 40, 127
	db 49, 128
	db 57, 129
	db 59, 134
	db 36, 92
	db 37, 76
	db 38, 61
	db 29, 62
	db 23, 63
	db 12, 67
	db 8, 72
	db 12, 77
	db 23, 85
	db 29, 88
	db 65, 83
	db 68, 70
	db 75, 58
	db 86, 50
	db 86, 36
	db 87, 33
	db 90, 33
	db 91, 37
	db 91, 49
	db 105, 55
	db 113, 71
	db 117, 90
	db 116, 102
	db 121, 103
	db 123, 104
	db 124, 108
	db 122, 111
	db 114, 111
	db 108, 125
	db 100, 133
	db 93, 137
	db 94, 146
	db 93, 149
	db 90, 149
	db 89, 146
	db 87, 138
	db 77, 131
	db 67, 115
	db 64, 91
	db 55, 89
	db 54, 87
	db 54, 84
	db 56, 82
	db 94, 118
	db 93, 129
	db 98, 126
	db 103, 121
	db 108, 110
	db 97, 107
	db 95, 104
	db 95, 100
	db 97, 98
	db 110, 101
	db 111, 89
	db 109, 75
	db 102, 62
	db 92, 56
	db 96, 66
	db 95, 69
	db 92, 70
	db 90, 66
	db 87, 57
	db 78, 65
	db 72, 75
	db 70, 84
	db 80, 87
	db 81, 90
	db 81, 93
	db 78, 95
	db 69, 93
	db 71, 107
	db 77, 121
	db 87, 128
	db 89, 118
	db 91, 115
	db 93, 115
	db 161, 96
	db 162, 101
	db 160, 104
	db 153, 101
	db 146, 98
	db 146, 105
	db 146, 113
	db 153, 114
	db 161, 114
	db 161, 117
	db 160, 121
	db 153, 120
	db 146, 119
	db 146, 135
	db 145, 148
	db 143, 151
	db 141, 148
	db 141, 133
	db 142, 119
	db 135, 116
	db 131, 114
	db 129, 109
	db 131, 106
	db 136, 109
	db 142, 111
	db 142, 104
	db 142, 96
	db 134, 94
	db 126, 91
	db 126, 87
	db 127, 84
	db 134, 85
	db 142, 88
	db 142, 82
	db 141, 75
	db 134, 74
	db 126, 72
	db 125, 69
	db 126, 65
	db 134, 65
	db 141, 66
	db 140, 59
	db 140, 52
	db 142, 51
	db 145, 56
	db 145, 61
	db 146, 67
	db 153, 69
	db 160, 72
	db 161, 77
	db 159, 80
	db 153, 77
	db 146, 76
	db 146, 83
	db 146, 90
	db 157, 94
	db 149, 25
	db 153, 24
	db 154, 30
	db 150, 38
	db 145, 45
	db 143, 46
	db 142, 45
	db 140, 45
	db 139, 45
	db 136, 48
	db 133, 46
	db 130, 38
	db 127, 33
	db 126, 28
	db 130, 27
	db 134, 31
	db 137, 37
	db 140, 37
	db 143, 37
	db 147, 31

;Faces list:
	db 0, 53, 52
	db 1, 0, 52
	db 1, 52, 51
	db 2, 1, 51
	db 2, 51, 50
	db 14, 13, 12
	db 15, 14, 12
	db 15, 12, 11
	db 16, 15, 11
	db 16, 11, 10
	db 17, 16, 10
	db 17, 10, 9
	db 18, 17, 9
	db 18, 9, 8
	db 39, 38, 37
	db 39, 37, 36
	db 39, 36, 35
	db 39, 35, 34
	db 40, 39, 34
	db 46, 45, 44
	db 47, 46, 44
	db 47, 44, 43
	db 48, 47, 43
	db 48, 43, 42
	db 54, 48, 42
	db 54, 42, 41
	db 55, 54, 41
	db 55, 41, 40
	db 56, 55, 40
	db 56, 40, 34
	db 31, 30, 29
	db 32, 31, 29
	db 33, 32, 29
	db 34, 33, 29
	db 34, 29, 28
	db 56, 34, 28
	db 56, 28, 27
	db 57, 56, 27
	db 57, 27, 26
	db 58, 57, 26
	db 58, 26, 25
	db 59, 58, 25
	db 60, 59, 25
	db 60, 25, 24
	db 60, 24, 23
	db 61, 60, 23
	db 61, 23, 22
	db 62, 61, 22
	db 63, 62, 22
	db 63, 22, 21
	db 54, 63, 21
	db 54, 21, 20
	db 2, 18, 8
	db 2, 8, 7
	db 3, 2, 7
	db 3, 7, 6
	db 4, 3, 6
	db 4, 6, 5
	db 20, 48, 54
	db 19, 49, 48
	db 19, 48, 20
	db 2, 50, 18
	db 18, 50, 49
	db 18, 49, 19
	db 65, 64, 118
	db 65, 118, 117
	db 66, 65, 117
	db 66, 117, 116
	db 67, 66, 116
	db 67, 116, 115
	db 87, 86, 85
	db 87, 85, 84
	db 88, 87, 84
	db 89, 88, 84
	db 70, 69, 68
	db 71, 70, 68
	db 72, 71, 68
	db 72, 68, 67
	db 72, 67, 115
	db 129, 128, 127
	db 97, 129, 127
	db 97, 127, 126
	db 98, 97, 126
	db 79, 78, 77
	db 80, 79, 77
	db 81, 80, 77
	db 81, 77, 76
	db 115, 111, 110
	db 72, 115, 110
	db 73, 72, 110
	db 73, 110, 109
	db 74, 73, 109
	db 74, 109, 108
	db 75, 74, 108
	db 75, 108, 107
	db 76, 75, 107
	db 76, 107, 106
	db 81, 76, 106
	db 106, 102, 101
	db 82, 101, 100
	db 83, 82, 100
	db 83, 100, 99
	db 84, 83, 99
	db 84, 99, 98
	db 84, 98, 126
	db 89, 84, 126
	db 90, 89, 126
	db 90, 126, 125
	db 91, 90, 125
	db 91, 125, 124
	db 92, 91, 124
	db 92, 124, 123
	db 64, 96, 92
	db 118, 64, 92
	db 118, 92, 123
	db 119, 118, 123
	db 119, 123, 122
	db 120, 119, 122
	db 121, 120, 122
	db 82, 81, 101
	db 101, 81, 106
	db 92, 96, 93
	db 93, 96, 95
	db 95, 94, 93
	db 114, 111, 115
	db 112, 111, 114
	db 114, 113, 112
	db 102, 106, 105
	db 105, 104, 102
	db 102, 104, 103
	db 180, 179, 178
	db 181, 180, 178
	db 181, 178, 177
	db 182, 181, 177
	db 182, 177, 176
	db 146, 145, 144
	db 147, 146, 144
	db 147, 144, 143
	db 147, 143, 142
	db 148, 147, 142
	db 173, 172, 171
	db 174, 173, 171
	db 175, 174, 171
	db 175, 171, 170
	db 176, 175, 170
	db 182, 176, 170
	db 139, 138, 137
	db 140, 139, 137
	db 141, 140, 137
	db 142, 141, 137
	db 142, 137, 136
	db 148, 142, 136
	db 153, 152, 151
	db 153, 151, 150
	db 153, 150, 149
	db 153, 149, 148
	db 154, 153, 148
	db 154, 148, 136
	db 154, 136, 135
	db 155, 154, 135
	db 155, 135, 134
	db 156, 155, 134
	db 161, 160, 159
	db 161, 159, 158
	db 161, 158, 157
	db 162, 161, 157
	db 162, 157, 156
	db 162, 156, 134
	db 132, 131, 130
	db 133, 132, 130
	db 133, 130, 185
	db 133, 185, 184
	db 134, 133, 184
	db 162, 134, 184
	db 162, 184, 183
	db 163, 162, 183
	db 163, 183, 182
	db 164, 163, 182
	db 164, 182, 170
	db 165, 164, 170
	db 165, 170, 169
	db 166, 165, 169
	db 166, 169, 168
	db 166, 168, 167
	db 188, 187, 186
	db 189, 188, 186
	db 189, 186, 205
	db 189, 205, 204
	db 190, 189, 204
	db 191, 190, 204
	db 192, 191, 204
	db 192, 204, 203
	db 193, 192, 203
	db 194, 193, 203
	db 194, 203, 202
	db 195, 194, 202
	db 196, 195, 202
	db 197, 196, 202
	db 197, 202, 201
	db 198, 197, 201
	db 198, 201, 200
	db 198, 200, 199
