LABEL obj_sign3 byte

;Vertex, Faces:
	db 126, 124

;Vertex list:
	db 85, 105
	db 80, 103
	db 79, 95
	db 70, 103
	db 64, 101
	db 61, 89
	db 66, 72
	db 75, 56
	db 65, 60
	db 49, 70
	db 37, 83
	db 31, 83
	db 26, 79
	db 26, 61
	db 29, 46
	db 39, 27
	db 52, 17
	db 70, 10
	db 85, 8
	db 94, 10
	db 96, 15
	db 93, 20
	db 82, 21
	db 66, 24
	db 53, 32
	db 45, 42
	db 41, 53
	db 40, 61
	db 57, 50
	db 75, 43
	db 96, 42
	db 101, 48
	db 98, 54
	db 89, 59
	db 80, 72
	db 76, 82
	db 87, 78
	db 96, 78
	db 100, 81
	db 99, 86
	db 96, 90
	db 100, 92
	db 102, 84
	db 107, 82
	db 114, 84
	db 111, 73
	db 117, 68
	db 127, 72
	db 140, 85
	db 149, 100
	db 151, 90
	db 151, 71
	db 146, 54
	db 148, 48
	db 154, 47
	db 169, 56
	db 182, 66
	db 192, 83
	db 195, 100
	db 192, 119
	db 186, 133
	db 181, 140
	db 175, 139
	db 172, 134
	db 177, 124
	db 182, 108
	db 181, 93
	db 177, 82
	db 169, 72
	db 163, 67
	db 164, 88
	db 161, 107
	db 151, 125
	db 144, 126
	db 140, 121
	db 140, 111
	db 133, 97
	db 126, 88
	db 124, 100
	db 120, 108
	db 115, 110
	db 111, 107
	db 109, 102
	db 106, 105
	db 111, 110
	db 111, 115
	db 105, 120
	db 117, 123
	db 118, 130
	db 109, 138
	db 92, 143
	db 74, 143
	db 82, 150
	db 98, 158
	db 116, 163
	db 120, 168
	db 118, 174
	db 102, 182
	db 88, 188
	db 67, 188
	db 52, 182
	db 36, 171
	db 27, 158
	db 24, 150
	db 28, 146
	db 33, 146
	db 39, 155
	db 51, 167
	db 64, 174
	db 76, 176
	db 88, 174
	db 96, 171
	db 77, 162
	db 62, 150
	db 51, 132
	db 54, 125
	db 60, 124
	db 69, 129
	db 85, 130
	db 96, 129
	db 87, 121
	db 82, 114
	db 83, 109
	db 87, 107
	db 93, 107
	db 92, 103

;Faces list:
	db 116, 115, 114
	db 116, 114, 113
	db 117, 116, 113
	db 118, 117, 113
	db 74, 73, 72
	db 74, 72, 71
	db 75, 74, 71
	db 76, 75, 71
	db 32, 31, 30
	db 32, 30, 29
	db 33, 32, 29
	db 34, 33, 29
	db 46, 45, 44
	db 47, 46, 44
	db 48, 47, 44
	db 88, 87, 86
	db 89, 88, 86
	db 90, 89, 86
	db 4, 3, 2
	db 5, 4, 2
	db 6, 5, 2
	db 39, 38, 37
	db 39, 37, 36
	db 40, 39, 36
	db 40, 36, 35
	db 123, 122, 121
	db 123, 121, 120
	db 124, 123, 120
	db 124, 120, 119
	db 81, 80, 79
	db 81, 79, 78
	db 82, 81, 78
	db 82, 78, 77
	db 20, 19, 18
	db 21, 20, 18
	db 22, 21, 18
	db 22, 18, 17
	db 23, 22, 17
	db 23, 17, 16
	db 24, 23, 16
	db 24, 16, 15
	db 25, 24, 15
	db 25, 15, 14
	db 26, 25, 14
	db 26, 14, 13
	db 27, 26, 13
	db 27, 13, 12
	db 27, 12, 11
	db 27, 11, 10
	db 27, 10, 9
	db 28, 27, 9
	db 28, 9, 8
	db 29, 28, 8
	db 29, 8, 7
	db 34, 29, 7
	db 34, 7, 6
	db 35, 34, 6
	db 35, 6, 2
	db 40, 35, 2
	db 40, 2, 1
	db 40, 1, 0
	db 40, 0, 125
	db 41, 40, 125
	db 54, 53, 52
	db 55, 54, 52
	db 55, 52, 51
	db 96, 95, 94
	db 97, 96, 94
	db 97, 94, 93
	db 62, 61, 60
	db 63, 62, 60
	db 64, 63, 60
	db 64, 60, 59
	db 65, 64, 59
	db 65, 59, 58
	db 66, 65, 58
	db 66, 58, 57
	db 67, 66, 57
	db 67, 57, 56
	db 68, 67, 56
	db 68, 56, 55
	db 69, 68, 55
	db 69, 55, 51
	db 70, 69, 51
	db 70, 51, 50
	db 71, 70, 50
	db 71, 50, 49
	db 76, 71, 49
	db 76, 49, 48
	db 77, 76, 48
	db 77, 48, 44
	db 82, 77, 44
	db 82, 44, 43
	db 82, 43, 42
	db 82, 42, 41
	db 82, 41, 125
	db 83, 82, 125
	db 83, 125, 124
	db 83, 124, 119
	db 84, 83, 119
	db 104, 103, 102
	db 105, 104, 102
	db 106, 105, 102
	db 106, 102, 101
	db 107, 106, 101
	db 107, 101, 100
	db 108, 107, 100
	db 108, 100, 99
	db 109, 108, 99
	db 109, 99, 98
	db 110, 109, 98
	db 110, 98, 97
	db 111, 110, 97
	db 111, 97, 93
	db 112, 111, 93
	db 112, 93, 92
	db 113, 112, 92
	db 113, 92, 91
	db 118, 113, 91
	db 118, 91, 90
	db 119, 118, 90
	db 119, 90, 86
	db 84, 119, 86
	db 84, 86, 85
