LABEL obj_sign7 byte

;Vertex, Faces:
	db 90, 88

sign7_vertex:

;Vertex list:
	db 53, 189
	db 60, 168
	db 59, 157
	db 51, 146
	db 49, 140
	db 53, 140
	db 59, 144
	db 67, 142
	db 78, 127
	db 80, 118
	db 60, 125
	db 50, 126
	db 50, 123
	db 71, 111
	db 78, 103
	db 74, 102
	db 54, 108
	db 52, 105
	db 62, 98
	db 73, 91
	db 78, 80
	db 75, 72
	db 69, 68
	db 61, 69
	db 47, 83
	db 45, 36
	db 41, 13
	db 44, 13
	db 53, 26
	db 66, 36
	db 82, 37
	db 87, 36
	db 90, 37
	db 91, 40
	db 84, 43
	db 80, 51
	db 86, 64
	db 94, 75
	db 97, 65
	db 99, 55
	db 101, 46
	db 104, 47
	db 105, 58
	db 105, 69
	db 108, 81
	db 112, 75
	db 114, 64
	db 117, 57
	db 119, 57
	db 121, 69
	db 122, 82
	db 129, 93
	db 145, 89
	db 146, 80
	db 140, 70
	db 139, 65
	db 143, 64
	db 175, 83
	db 200, 91
	db 204, 94
	db 201, 96
	db 189, 99
	db 169, 108
	db 161, 123
	db 158, 124
	db 156, 115
	db 154, 110
	db 144, 106
	db 134, 106
	db 123, 109
	db 128, 114
	db 144, 126
	db 144, 130
	db 140, 131
	db 121, 120
	db 112, 118 ; ù
	db 112, 122
	db 124, 132
	db 128, 138
	db 126, 140
	db 114, 134
	db 102, 128
	db 90, 131
	db 85, 139
	db 87, 146
	db 94, 151
	db 110, 153
	db 90, 168
	db 69, 179
	db 55, 195

sign7_faces:

;Faces list:
	db 5, 4, 3
	db 6, 5, 3
	db 6, 3, 2
	db 65, 64, 63
	db 65, 63, 62
	db 0, 89, 88
	db 1, 0, 88
	db 18, 17, 16
	db 18, 16, 15
	db 19, 18, 15
	db 27, 26, 25
	db 28, 27, 25
	db 29, 28, 25
	db 1, 88, 87
	db 2, 1, 87
	db 66, 65, 62
	db 12, 11, 10
	db 13, 12, 10
	db 13, 10, 9
	db 14, 13, 9
	db 33, 32, 31
	db 34, 33, 31
	db 34, 31, 30
	db 73, 72, 71
	db 73, 71, 70
	db 74, 73, 70
	db 74, 70, 69
	db 75, 74, 69
	db 19, 15, 14
	db 79, 78, 77
	db 80, 79, 77
	db 81, 80, 77
	db 81, 77, 76
	db 56, 55, 54
	db 57, 56, 54
	db 57, 54, 53
	db 25, 24, 23
	db 29, 25, 23
	db 29, 23, 22
	db 30, 29, 22
	db 34, 30, 22
	db 35, 34, 22
	db 35, 22, 21
	db 36, 35, 21
	db 36, 21, 20
	db 37, 36, 20
	db 49, 48, 47
	db 49, 47, 46
	db 49, 46, 45
	db 50, 49, 45
	db 50, 45, 44
	db 81, 76, 75
	db 60, 59, 58
	db 61, 60, 58
	db 61, 58, 57
	db 62, 61, 57
	db 62, 57, 53
	db 62, 53, 52
	db 66, 62, 52
	db 67, 66, 52
	db 67, 52, 51
	db 68, 67, 51
	db 69, 68, 51
	db 41, 40, 39
	db 42, 41, 39
	db 42, 39, 38
	db 43, 42, 38
	db 43, 38, 37
	db 44, 43, 37
	db 7, 6, 2
	db 7, 2, 87
	db 8, 7, 87
	db 69, 51, 50
	db 69, 50, 44
	db 75, 69, 44
	db 75, 44, 37
	db 75, 37, 20
	db 75, 20, 19
	db 75, 19, 14
	db 75, 14, 9
	db 81, 75, 9
	db 82, 81, 9
	db 82, 9, 8
	db 83, 82, 8
	db 83, 8, 87
	db 84, 83, 87
	db 85, 84, 87
	db 85, 87, 86
