LABEL obj_sign2 byte

;Vertex, Faces:
	db 126, 120

;Vertex list:
	db 83, 108
	db 87, 110
	db 96, 122
	db 108, 129
	db 127, 131
	db 144, 129
	db 149, 133
	db 150, 138
	db 146, 142
	db 135, 144
	db 111, 144
	db 98, 139
	db 88, 133
	db 80, 123
	db 75, 124
	db 69, 134
	db 66, 150
	db 68, 164
	db 72, 175
	db 70, 180
	db 66, 183
	db 52, 179
	db 39, 170
	db 28, 156
	db 19, 138
	db 17, 118
	db 22, 94
	db 30, 77
	db 50, 53
	db 58, 54
	db 60, 61
	db 53, 69
	db 41, 84
	db 31, 108
	db 30, 127
	db 35, 145
	db 43, 157
	db 54, 165
	db 53, 153
	db 53, 139
	db 58, 124
	db 69, 111
	db 38, 119
	db 42, 108
	db 54, 87
	db 65, 78
	db 75, 73
	db 88, 70
	db 89, 66
	db 84, 55
	db 72, 45
	db 58, 39
	db 47, 38
	db 43, 34
	db 43, 29
	db 53, 19
	db 68, 12
	db 85, 9
	db 106, 11
	db 124, 19
	db 142, 35
	db 153, 51
	db 163, 80
	db 159, 86
	db 152, 84
	db 148, 74
	db 141, 57
	db 125, 36
	db 109, 26
	db 92, 21
	db 77, 22
	db 64, 27
	db 75, 32
	db 87, 39
	db 98, 51
	db 104, 67
	db 100, 81
	db 95, 83
	db 81, 85
	db 68, 92
	db 57, 107
	db 51, 123
	db 45, 125
	db 40, 124
	db 125, 119
	db 115, 109
	db 115, 103
	db 121, 90
	db 121, 76
	db 114, 58
	db 103, 45
	db 104, 39
	db 108, 36
	db 113, 36
	db 121, 45
	db 133, 66
	db 135, 80
	db 134, 91
	db 130, 104
	db 133, 107
	db 145, 108
	db 160, 102
	db 172, 93
	db 179, 84
	db 184, 83
	db 188, 86
	db 192, 99
	db 191, 115
	db 185, 132
	db 173, 149
	db 157, 160
	db 134, 168
	db 114, 169
	db 84, 164
	db 81, 157
	db 86, 152
	db 97, 154
	db 116, 156
	db 141, 153
	db 158, 144
	db 171, 131
	db 177, 118
	db 179, 104
	db 170, 112
	db 158, 119
	db 141, 122

;Faces list:
	db 30, 29, 28
	db 31, 30, 28
	db 31, 28, 27
	db 32, 31, 27
	db 32, 27, 26
	db 33, 32, 26
	db 33, 26, 25
	db 34, 33, 25
	db 34, 25, 24
	db 35, 34, 24
	db 35, 24, 23
	db 36, 35, 23
	db 36, 23, 22
	db 37, 36, 22
	db 37, 22, 21
	db 37, 21, 20
	db 37, 20, 19
	db 37, 19, 18
	db 37, 18, 17
	db 37, 17, 16
	db 38, 37, 16
	db 39, 38, 16
	db 39, 16, 15
	db 40, 39, 15
	db 40, 15, 14
	db 41, 40, 14
	db 0, 41, 14
	db 0, 14, 13
	db 1, 0, 13
	db 2, 1, 13
	db 2, 13, 12
	db 2, 12, 11
	db 3, 2, 11
	db 3, 11, 10
	db 4, 3, 10
	db 4, 10, 9
	db 5, 4, 9
	db 5, 9, 8
	db 6, 5, 8
	db 6, 8, 7
	db 64, 63, 62
	db 65, 64, 62
	db 65, 62, 61
	db 66, 65, 61
	db 66, 61, 60
	db 67, 66, 60
	db 67, 60, 59
	db 68, 67, 59
	db 68, 59, 58
	db 69, 68, 58
	db 69, 58, 57
	db 70, 69, 57
	db 70, 57, 56
	db 71, 70, 56
	db 71, 56, 55
	db 71, 55, 54
	db 71, 54, 53
	db 71, 53, 52
	db 71, 52, 51
	db 71, 51, 50
	db 72, 71, 50
	db 73, 72, 50
	db 73, 50, 49
	db 74, 73, 49
	db 74, 49, 48
	db 75, 74, 48
	db 76, 75, 48
	db 76, 48, 47
	db 77, 76, 47
	db 78, 77, 47
	db 78, 47, 46
	db 78, 46, 45
	db 79, 78, 45
	db 79, 45, 44
	db 80, 79, 44
	db 80, 44, 43
	db 81, 80, 43
	db 81, 43, 42
	db 82, 81, 42
	db 82, 42, 83
	db 115, 114, 113
	db 116, 115, 113
	db 116, 113, 112
	db 117, 116, 112
	db 117, 112, 111
	db 118, 117, 111
	db 118, 111, 110
	db 119, 118, 110
	db 119, 110, 109
	db 120, 119, 109
	db 120, 109, 108
	db 121, 120, 108
	db 121, 108, 107
	db 122, 121, 107
	db 122, 107, 106
	db 122, 106, 105
	db 122, 105, 104
	db 122, 104, 103
	db 122, 103, 102
	db 122, 102, 101
	db 123, 122, 101
	db 124, 123, 101
	db 124, 101, 100
	db 125, 124, 100
	db 125, 100, 99
	db 84, 125, 99
	db 85, 84, 99
	db 85, 99, 98
	db 86, 85, 98
	db 87, 86, 98
	db 87, 98, 97
	db 87, 97, 96
	db 88, 87, 96
	db 88, 96, 95
	db 89, 88, 95
	db 89, 95, 94
	db 90, 89, 94
	db 90, 94, 93
	db 91, 90, 93
	db 91, 93, 92
