LABEL obj_sign1 byte

;Vertex, Faces:
	db 108, 106

;Vertex list:
	db 90, 114
	db 74, 112
	db 62, 102
	db 58, 90
	db 49, 106
	db 44, 126
	db 42, 139
	db 38, 144
	db 33, 145
	db 20, 135
	db 11, 118
	db 8, 100
	db 10, 74
	db 20, 48
	db 33, 33
	db 46, 24
	db 51, 27
	db 53, 34
	db 42, 44
	db 32, 55
	db 24, 77
	db 21, 96
	db 24, 114
	db 31, 127
	db 34, 110
	db 42, 89
	db 59, 70
	db 72, 58
	db 78, 55
	db 85, 57
	db 86, 64
	db 76, 75
	db 70, 87
	db 74, 97
	db 83, 101
	db 91, 99
	db 92, 84
	db 101, 71
	db 116, 66
	db 128, 68
	db 120, 52
	db 104, 38
	db 94, 29
	db 91, 24
	db 93, 19
	db 108, 13
	db 127, 13
	db 145, 20
	db 167, 34
	db 184, 57
	db 191, 75
	db 191, 91
	db 186, 94
	db 179, 91
	db 176, 78
	db 171, 63
	db 157, 45
	db 142, 33
	db 124, 26
	db 110, 26
	db 123, 37
	db 137, 54
	db 145, 79
	db 149, 96
	db 149, 103
	db 143, 108
	db 137, 106
	db 132, 91
	db 125, 80
	db 114, 79
	db 107, 84
	db 104, 92
	db 117, 101
	db 123, 115
	db 121, 130
	db 112, 140
	db 131, 140
	db 151, 134
	db 163, 129
	db 169, 130
	db 172, 134
	db 170, 150
	db 160, 166
	db 146, 178
	db 123, 190
	db 94, 194
	db 75, 191
	db 61, 183
	db 61, 177
	db 67, 173
	db 80, 177
	db 95, 180
	db 118, 176
	db 136, 169
	db 151, 158
	db 158, 145
	db 142, 151
	db 120, 154
	db 94, 149
	db 78, 143
	db 72, 140
	db 70, 133
	db 75, 129
	db 91, 132
	db 103, 131
	db 110, 123
	db 109, 113
	db 104, 107

;Faces list:
	db 16, 15, 14
	db 17, 16, 14
	db 18, 17, 14
	db 18, 14, 13
	db 19, 18, 13
	db 19, 13, 12
	db 20, 19, 12
	db 20, 12, 11
	db 21, 20, 11
	db 22, 21, 11
	db 22, 11, 10
	db 22, 10, 9
	db 23, 22, 9
	db 23, 9, 8
	db 23, 8, 7
	db 23, 7, 6
	db 23, 6, 5
	db 24, 23, 5
	db 24, 5, 4
	db 25, 24, 4
	db 25, 4, 3
	db 26, 25, 3
	db 30, 29, 28
	db 31, 30, 28
	db 31, 28, 27
	db 31, 27, 26
	db 31, 26, 3
	db 32, 31, 3
	db 32, 3, 2
	db 33, 32, 2
	db 33, 2, 1
	db 34, 33, 1
	db 34, 1, 0
	db 35, 34, 0
	db 35, 0, 107
	db 36, 35, 107
	db 37, 36, 107
	db 102, 101, 100
	db 103, 102, 100
	db 103, 100, 99
	db 103, 99, 98
	db 104, 103, 98
	db 104, 98, 97
	db 66, 65, 64
	db 67, 66, 64
	db 67, 64, 63
	db 67, 63, 62
	db 68, 67, 62
	db 68, 62, 61
	db 52, 51, 50
	db 53, 52, 50
	db 54, 53, 50
	db 54, 50, 49
	db 55, 54, 49
	db 55, 49, 48
	db 56, 55, 48
	db 56, 48, 47
	db 57, 56, 47
	db 58, 57, 47
	db 58, 47, 46
	db 58, 46, 45
	db 59, 58, 45
	db 59, 45, 44
	db 59, 44, 43
	db 59, 43, 42
	db 59, 42, 41
	db 60, 59, 41
	db 60, 41, 40
	db 61, 60, 40
	db 61, 40, 39
	db 68, 61, 39
	db 68, 39, 38
	db 69, 68, 38
	db 69, 38, 37
	db 70, 69, 37
	db 88, 87, 86
	db 89, 88, 86
	db 90, 89, 86
	db 90, 86, 85
	db 91, 90, 85
	db 91, 85, 84
	db 92, 91, 84
	db 92, 84, 83
	db 93, 92, 83
	db 94, 93, 83
	db 94, 83, 82
	db 94, 82, 81
	db 95, 94, 81
	db 95, 81, 80
	db 95, 80, 79
	db 95, 79, 78
	db 95, 78, 77
	db 96, 95, 77
	db 96, 77, 76
	db 97, 96, 76
	db 97, 76, 75
	db 104, 97, 75
	db 104, 75, 74
	db 105, 104, 74
	db 105, 74, 73
	db 106, 105, 73
	db 106, 73, 72
	db 107, 106, 72
	db 107, 72, 71
	db 37, 107, 71
	db 70, 37, 71
