LABEL obj_son byte

;Vertex, Faces:
	db 203, 199

;Vertex list:
	db 50, 58
	db 49, 63
	db 49, 71
	db 48, 74
	db 45, 74
	db 44, 71
	db 44, 62
	db 42, 61
	db 42, 72
	db 41, 76
	db 39, 76
	db 37, 74
	db 37, 60
	db 29, 59
	db 22, 61
	db 16, 66
	db 14, 74
	db 16, 78
	db 21, 83
	db 27, 89
	db 37, 86
	db 40, 88
	db 40, 91
	db 38, 93
	db 32, 95
	db 39, 104
	db 45, 115
	db 47, 124
	db 42, 139
	db 30, 147
	db 15, 149
	db 16, 157
	db 14, 160
	db 12, 159
	db 11, 148
	db 10, 148
	db 10, 158
	db 9, 161
	db 6, 161
	db 5, 158
	db 5, 148
	db 3, 147
	db 3, 145
	db 2, 143
	db 3, 141
	db 4, 142
	db 4, 132
	db 4, 129
	db 6, 128
	db 7, 130
	db 9, 141
	db 10, 142
	db 9, 129
	db 9, 126
	db 12, 126
	db 13, 129
	db 15, 142
	db 26, 141
	db 36, 136
	db 41, 124
	db 39, 116
	db 34, 107
	db 27, 98
	db 24, 101
	db 19, 111
	db 16, 111
	db 14, 108
	db 15, 104
	db 22, 93
	db 16, 87
	db 10, 81
	db 8, 73
	db 11, 65
	db 17, 56
	db 28, 51
	db 39, 52
	db 41, 43
	db 43, 41
	db 45, 42
	db 46, 46
	db 43, 54
	db 45, 55
	db 48, 44
	db 50, 43
	db 52, 44
	db 53, 46
	db 108, 91
	db 102, 124
	db 89, 141
	db 77, 145
	db 76, 153
	db 75, 157
	db 72, 158
	db 70, 152
	db 71, 144
	db 61, 135
	db 56, 120
	db 54, 103
	db 50, 106
	db 49, 106
	db 48, 103
	db 48, 99
	db 54, 91
	db 57, 76
	db 63, 62
	db 73, 53
	db 71, 37
	db 72, 33
	db 75, 33
	db 76, 37
	db 79, 51
	db 91, 55
	db 102, 65
	db 108, 83
	db 112, 83
	db 114, 84
	db 114, 88
	db 113, 90
	db 103, 91
	db 96, 93
	db 93, 92
	db 92, 89
	db 94, 85
	db 102, 83
	db 98, 71
	db 90, 62
	db 80, 58
	db 82, 65
	db 79, 73
	db 77, 70
	db 74, 60
	db 68, 66
	db 64, 75
	db 60, 87
	db 64, 85
	db 67, 87
	db 68, 91
	db 65, 94
	db 59, 97
	db 60, 113
	db 65, 127
	db 72, 135
	db 75, 125
	db 78, 123
	db 80, 124
	db 81, 128
	db 79, 137
	db 89, 133
	db 98, 118
	db 81, 70
	db 118, 140
	db 115, 143
	db 113, 144
	db 111, 142
	db 112, 136
	db 116, 77
	db 116, 45
	db 119, 43
	db 120, 46
	db 120, 89
	db 118, 127
	db 121, 124
	db 128, 111
	db 126, 102
	db 124, 89
	db 126, 86
	db 129, 90
	db 130, 97
	db 131, 105
	db 132, 103
	db 130, 85
	db 132, 81
	db 134, 83
	db 136, 96
	db 143, 78
	db 146, 61
	db 149, 59
	db 152, 63
	db 154, 118
	db 156, 173
	db 153, 175
	db 151, 173
	db 149, 124
	db 148, 80
	db 145, 90
	db 138, 104
	db 143, 110
	db 143, 114
	db 140, 116
	db 135, 110
	db 134, 112
	db 136, 115
	db 139, 118
	db 139, 122
	db 136, 124
	db 134, 121
	db 131, 117
	db 123, 132
	db 135, 89
	db 131, 95
	db 142, 117
	db 137, 124
	db 131, 82

;Faces list:
	db 39, 38, 37
	db 39, 37, 36
	db 40, 39, 36
	db 40, 36, 35
	db 23, 22, 21
	db 23, 21, 20
	db 24, 23, 20
	db 24, 20, 19
	db 79, 78, 77
	db 79, 77, 76
	db 79, 76, 75
	db 80, 79, 75
	db 54, 53, 52
	db 55, 54, 52
	db 56, 55, 52
	db 56, 52, 51
	db 50, 49, 46
	db 50, 46, 45
	db 34, 33, 31
	db 34, 31, 30
	db 4, 3, 2
	db 5, 4, 2
	db 5, 2, 1
	db 6, 5, 1
	db 6, 1, 0
	db 11, 10, 9
	db 11, 9, 8
	db 12, 11, 8
	db 12, 8, 7
	db 50, 45, 40
	db 50, 40, 35
	db 51, 50, 35
	db 51, 35, 34
	db 56, 51, 34
	db 56, 34, 30
	db 57, 56, 30
	db 57, 30, 29
	db 58, 57, 29
	db 58, 29, 28
	db 59, 58, 28
	db 59, 28, 27
	db 59, 27, 26
	db 60, 59, 26
	db 60, 26, 25
	db 61, 60, 25
	db 61, 25, 24
	db 62, 61, 24
	db 62, 24, 19
	db 63, 62, 19
	db 67, 64, 63
	db 68, 67, 63
	db 69, 68, 18
	db 69, 18, 17
	db 70, 69, 17
	db 70, 17, 16
	db 71, 70, 16
	db 72, 71, 16
	db 72, 16, 15
	db 73, 72, 15
	db 73, 15, 14
	db 74, 73, 14
	db 74, 14, 13
	db 75, 74, 13
	db 75, 13, 12
	db 80, 75, 12
	db 80, 12, 7
	db 81, 80, 7
	db 81, 7, 6
	db 81, 6, 0
	db 82, 81, 0
	db 82, 0, 85
	db 82, 85, 84
	db 82, 84, 83
	db 41, 40, 45
	db 41, 45, 44
	db 44, 42, 41
	db 42, 44, 43
	db 46, 49, 48
	db 48, 47, 46
	db 33, 32, 31
	db 63, 19, 68
	db 68, 19, 18
	db 64, 66, 65
	db 66, 64, 67
	db 88, 87, 148
	db 88, 148, 147
	db 88, 147, 146
	db 89, 88, 146
	db 137, 136, 135
	db 137, 135, 134
	db 138, 137, 134
	db 138, 134, 133
	db 109, 108, 107
	db 109, 107, 106
	db 109, 106, 105
	db 110, 109, 105
	db 92, 91, 90
	db 93, 92, 90
	db 94, 93, 90
	db 94, 90, 89
	db 94, 89, 146
	db 121, 120, 119
	db 122, 121, 119
	db 122, 119, 118
	db 123, 122, 118
	db 123, 118, 86
	db 145, 144, 143
	db 145, 143, 142
	db 146, 145, 142
	db 146, 142, 141
	db 95, 141, 140
	db 96, 95, 140
	db 96, 140, 139
	db 97, 96, 139
	db 97, 139, 138
	db 100, 99, 98
	db 100, 98, 97
	db 101, 100, 97
	db 102, 101, 97
	db 102, 97, 138
	db 102, 138, 133
	db 103, 102, 133
	db 103, 133, 132
	db 104, 103, 132
	db 104, 132, 131
	db 105, 104, 131
	db 105, 131, 130
	db 110, 105, 130
	db 116, 115, 114
	db 117, 116, 114
	db 117, 114, 113
	db 86, 117, 113
	db 123, 86, 113
	db 124, 112, 111
	db 125, 124, 111
	db 125, 111, 110
	db 126, 125, 110
	db 126, 110, 130
	db 127, 126, 130
	db 127, 130, 129
	db 127, 129, 149
	db 149, 129, 128
	db 95, 94, 141
	db 94, 146, 141
	db 113, 112, 124
	db 124, 123, 113
	db 148, 87, 86
	db 86, 118, 148
	db 172, 202, 170
	db 198, 172, 170
	db 173, 199, 169
	db 200, 187, 186
	db 189, 188, 186
	db 189, 186, 185
	db 166, 165, 164
	db 166, 164, 163
	db 167, 166, 163
	db 168, 167, 163
	db 168, 163, 162
	db 201, 193, 192
	db 195, 194, 192
	db 195, 192, 191
	db 196, 195, 191
	db 196, 191, 190
	db 181, 180, 179
	db 181, 179, 178
	db 182, 181, 178
	db 183, 182, 178
	db 183, 178, 177
	db 158, 157, 156
	db 158, 156, 155
	db 159, 158, 155
	db 159, 155, 154
	db 160, 159, 154
	db 153, 152, 151
	db 154, 153, 151
	db 154, 151, 150
	db 160, 154, 150
	db 160, 150, 197
	db 161, 160, 197
	db 161, 197, 196
	db 162, 161, 196
	db 162, 196, 190
	db 168, 162, 190
	db 173, 169, 185
	db 173, 185, 184
	db 174, 173, 184
	db 174, 184, 183
	db 174, 183, 177
	db 175, 174, 177
	db 175, 177, 176
	db 189, 185, 169
	db 190, 189, 168
	db 168, 189, 169
	db 173, 198, 170
	db 173, 170, 199
	db 188, 200, 186
	db 194, 201, 192
	db 172, 171, 202
