LABEL obj_zd byte

;Vertex, Faces:
	db 69, 67

;Vertex list:
	db 113, 76
	db 97, 85
	db 81, 88
	db 79, 85
	db 81, 70
	db 82, 53
	db 74, 56
	db 72, 51
	db 75, 48
	db 82, 45
	db 82, 24
	db 80, 20
	db 82, 16
	db 101, 16
	db 112, 21
	db 121, 30
	db 127, 40
	db 127, 54
	db 123, 63
	db 88, 52
	db 87, 72
	db 86, 80
	db 96, 79
	db 109, 72
	db 116, 63
	db 120, 54
	db 120, 40
	db 114, 30
	db 102, 23
	db 88, 22
	db 89, 25
	db 88, 44
	db 99, 42
	db 103, 43
	db 103, 47
	db 9, 15
	db 63, 16
	db 65, 19
	db 50, 36
	db 61, 38
	db 61, 44
	db 56, 44
	db 45, 41
	db 40, 47
	db 50, 49
	db 58, 53
	db 54, 58
	db 45, 54
	db 35, 53
	db 17, 75
	db 44, 72
	db 72, 72
	db 69, 78
	db 42, 80
	db 7, 86
	db 3, 81
	db 26, 52
	db 16, 52
	db 14, 49
	db 16, 46
	db 32, 46
	db 37, 41
	db 20, 40
	db 18, 37
	db 20, 33
	db 43, 34
	db 52, 22
	db 11, 22
	db 7, 19

;Faces list:
	db 22, 21, 0
	db 23, 22, 0
	db 1, 0, 21
	db 2, 1, 21
	db 3, 2, 21
	db 4, 3, 21
	db 4, 21, 20
	db 4, 20, 19
	db 5, 4, 19
	db 23, 0, 18
	db 24, 23, 18
	db 25, 24, 18
	db 25, 18, 17
	db 26, 25, 17
	db 26, 17, 16
	db 26, 16, 15
	db 27, 26, 15
	db 27, 15, 14
	db 28, 27, 14
	db 28, 14, 13
	db 29, 28, 13
	db 29, 13, 12
	db 29, 12, 11
	db 29, 11, 10
	db 30, 29, 10
	db 30, 10, 9
	db 31, 30, 9
	db 7, 6, 5
	db 8, 7, 5
	db 9, 8, 5
	db 9, 5, 19
	db 31, 9, 19
	db 31, 19, 34
	db 32, 31, 34
	db 32, 34, 33
	db 52, 51, 50
	db 53, 52, 50
	db 53, 50, 49
	db 54, 53, 49
	db 46, 45, 44
	db 47, 46, 44
	db 47, 44, 43
	db 48, 47, 43
	db 55, 54, 49
	db 56, 55, 49
	db 56, 49, 48
	db 41, 40, 39
	db 41, 39, 38
	db 42, 41, 38
	db 35, 68, 67
	db 36, 35, 67
	db 36, 67, 66
	db 37, 36, 66
	db 38, 37, 66
	db 38, 66, 65
	db 42, 38, 65
	db 65, 64, 63
	db 65, 63, 62
	db 65, 62, 61
	db 42, 65, 61
	db 43, 42, 61
	db 43, 61, 60
	db 48, 43, 60
	db 56, 48, 60
	db 56, 60, 59
	db 57, 56, 59
	db 57, 59, 58
