SIN	dw   0, 402, 803, 1205, 1605, 2005, 2404, 2801, 3196, 3589, 3980, 4369, 4756, 5139, 5519, 5896, 6269, 6639, 7005, 7366, 7723, 8075, 8423, 8765, 9102, 9434, 9759, 10079, 10393, 10701, 11002, 11297
	dw 11585, 11866, 12139, 12406, 12665, 12916, 13159, 13395, 13622, 13842, 14053, 14255, 14449, 14634, 14810, 14978, 15136, 15286, 15426, 15557, 15678, 15790, 15892, 15985, 16069, 16142, 16206, 16260, 16305, 16339, 16364, 16379
COS	dw 16384, 16379, 16364, 16339, 16305, 16260, 16206, 16142, 16069, 15985, 15892, 15790, 15678, 15557, 15426, 15286, 15136, 14978, 14810, 14634, 14449, 14255, 14053, 13842, 13622, 13395, 13159, 12916, 12665, 12406, 12139, 11866
	dw 11585, 11297, 11002, 10701, 10393, 10079, 9759, 9434, 9102, 8765, 8423, 8075, 7723, 7366, 7005, 6639, 6269, 5896, 5519, 5139, 4756, 4369, 3980, 3589, 3196, 2801, 2404, 2005, 1605, 1205, 803, 402
	dw   0, 65134, 64733, 64331, 63931, 63531, 63132, 62735, 62340, 61947, 61556, 61167, 60780, 60397, 60017, 59640, 59267, 58897, 58531, 58170, 57813, 57461, 57113, 56771, 56434, 56102, 55777, 55457, 55143, 54835, 54534, 54239
	dw 53951, 53670, 53397, 53130, 52871, 52620, 52377, 52141, 51914, 51694, 51483, 51281, 51087, 50902, 50726, 50558, 50400, 50250, 50110, 49979, 49858, 49746, 49644, 49551, 49467, 49394, 49330, 49276, 49231, 49197, 49172, 49157
	dw 49152, 49157, 49172, 49197, 49231, 49276, 49330, 49394, 49467, 49551, 49644, 49746, 49858, 49979, 50110, 50250, 50400, 50558, 50726, 50902, 51087, 51281, 51483, 51694, 51914, 52141, 52377, 52620, 52871, 53130, 53397, 53670
	dw 53951, 54239, 54534, 54835, 55143, 55457, 55777, 56102, 56434, 56771, 57113, 57461, 57813, 58170, 58531, 58897, 59267, 59640, 60017, 60397, 60780, 61167, 61556, 61947, 62340, 62735, 63132, 63531, 63931, 64331, 64733, 65134
	dw   0, 402, 803, 1205, 1605, 2005, 2404, 2801, 3196, 3589, 3980, 4369, 4756, 5139, 5519, 5896, 6269, 6639, 7005, 7366, 7723, 8075, 8423, 8765, 9102, 9434, 9759, 10079, 10393, 10701, 11002, 11297
	dw 11585, 11866, 12139, 12406, 12665, 12916, 13159, 13395, 13622, 13842, 14053, 14255, 14449, 14634, 14810, 14978, 15136, 15286, 15426, 15557, 15678, 15790, 15892, 15985, 16069, 16142, 16206, 16260, 16305, 16339, 16364, 16379

