TXR	db  58,  63,  61,  58,  53,  59,  63,  60,  60,  61,  61,  50,  43,  54,  60,  63,  63,  63,  63,  63,  61,  61,  58,  54,  57,  57,  50,  37,  20,   0,   5,  34,  57,   3,  23,  51,  51,  58,   6,  56,  61,  63,  61,  61,  58,  60,  61,  63,  61,  60,  59,  60,  60,  61,  63,  61,  61,  61,  61,  61,  60,  60,  61,  61
	db  63,  59,  58,  56,  59,  63,  59,  61,  63,  61,  58,  50,  42,  54,  60,  63,  63,  63,  63,  63,  61,  60,  59,  53,  54,  57,  52,  40,  24,   0,  27,  51,  55,   2,   9,  52,  34,  55,   9,  54,  61,  61,  59,  63,  60,  61,  63,  63,  61,  60,  60,  59,  59,  61,  63,  63,  61,  61,  61,  60,  58,  61,  61,  61
	db  63,  59,  59,  60,  63,  59,  60,  61,  57,  51,  46,  42,  43,  54,  57,  63,  63,  61,  61,  61,  63,  61,  58,  50,  48,  56,  54,  29,   0,  20,  33,  40,  29,   7,  12,  52,  23,  50,  25,  49,  61,  60,  50,  60,  61,  61,  62,  63,  61,  60,  59,  58,  57,  61,  61,  61,  61,  63,  63,  60,  59,  63,  63,  63
	db  58,  59,  61,  63,  60,  58,  63,  59,  58,  56,  52,  50,  51,  56,  57,  61,  63,  62,  61,  60,  60,  63,  59,  53,  51,  57,  54,  23,   1,  19,  30,  32,  23,  12,  35,  50,   8,  37,  34,  32,  63,  56,  29,  57,  63,  63,  61,  63,  61,  60,  58,  53,  55,  60,  60,  57,  60,  63,  63,  61,  60,  61,  61,  61
	db  51,  59,  63,  61,  58,  59,  63,  60,  61,  61,  60,  57,  56,  56,  57,  61,  63,  61,  61,  61,  61,  61,  63,  60,  58,  58,  54,  20,   0,  29,  41,  41,  35,  33,  41,  37,  14,  26,  40,   2,  61,  51,  10,  46,  60,  63,  61,  63,  61,  60,  55,  41,  49,  58,  58,  44,  57,  63,  61,  63,  63,  60,  61,  60
	db  45,  53,  59,  59,  57,  60,  61,  60,  63,  63,  63,  61,  61,  59,  60,  61,  63,  61,  61,  61,  63,  63,  63,  61,  60,  59,  49,  18,   0,  32,  40,  35,  29,  28,  30,  15,  18,   3,  49,  27,  58,  50,   3,  31,  58,  61,  63,  63,  61,  60,  42,  28,  44,  57,  56,  30,  50,  63,  60,  59,  61,  60,  61,  58
	db  46,  49,  56,  56,  57,  60,  62,  60,  63,  62,  63,  63,  63,  63,  63,  63,  63,  61,  61,  61,  63,  63,  61,  61,  60,  56,  34,  21,   6,  33,  32,  22,  16,  18,  13,   0,   5,  22,  54,  41,  50,  50,  12,   3,  53,  59,  63,  63,  61,  59,  29,  12,  41,  56,  50,  13,  39,  61,  57,  50,  60,  61,  61,  60
	db  50,  50,  56,  57,  59,  61,  61,  60,  61,  63,  63,  63,  61,  63,  62,  61,  61,  61,  61,  60,  63,  62,  61,  60,  56,  43,  31,  11,  19,  30,  20,   8,   9,   7,   3,   3,  22,  46,  57,  47,  34,  50,  12,  17,  33,  56,  60,  61,  60,  58,  17,   0,  38,  54,  33,   2,  31,  61,  56,  34,  60,  61,  61,  61
	db  55,  51,  57,  58,  60,  61,  61,  60,  61,  63,  63,  63,  60,  60,  61,  63,  61,  61,  61,  60,  61,  61,  61,  58,  51,  38,  28,   0,  21,  16,   2,   0,   0,   0,   2,  27,  50,  58,  58,  39,  27,  50,   8,  34,  10,  42,  58,  61,  60,  57,   6,  10,  36,  51,  17,  13,  35,  61,  52,  23,  60,  63,  61,  61
	db  56,  51,  58,  59,  60,  61,  63,  61,  61,  63,  63,  63,  61,  60,  61,  62,  63,  61,  61,  61,  63,  61,  60,  57,  50,  38,  26,   4,  11,   5,  13,   7,   4,   2,  17,  47,  58,  58,  50,  20,  29,  44,   0,  42,  16,  30,  50,  60,  59,  57,   9,   8,  32,  46,   2,   8,  56,  61,  43,  18,  60,  63,  61,  63
	db  56,  51,  58,  60,  60,  59,  60,  61,  63,  63,  63,  63,  61,  61,  61,  61,  61,  63,  63,  63,  63,  61,  60,  56,  48,  37,  24,   4,   7,  20,  23,  12,   4,   1,  31,  53,  53,  31,   3,  22,  37,  35,   4,  47,  31,  12,  37,  57,  58,  56,  21,   3,  36,  41,   3,   8,  60,  60,  20,  28,  61,  63,  61,  63
	db  56,  51,  58,  60,  60,  59,  58,  59,  60,  61,  63,  61,  63,  61,  61,  61,  61,  61,  61,  61,  61,  61,  58,  56,  50,  37,  22,   4,  10,  21,  26,  11,   5,  10,  35,  44,  13,  28,  36,  32,  25,  12,  20,  50,  40,   2,  23,  52,  57,  53,  33,   6,  39,  38,   8,  24,  61,  52,   0,  54,  61,  63,  60,  62
	db  54,  51,  58,  60,  60,  58,  58,  60,  61,  61,  63,  63,  63,  61,  61,  60,  61,  61,  61,  61,  61,  60,  58,  57,  51,  36,  16,   6,  11,  18,  26,  11,   2,  14,  32,  16,  30,  48,  28,   6,  28,  36,  44,  53,  46,  15,   9,  42,  55,  51,  40,  11,  33,  35,  11,  35,  60,  29,  23,  63,  61,  59,  58,  63
	db  45,  50,  58,  60,  60,  58,  59,  61,  63,  63,  63,  63,  61,  60,  60,  60,  61,  61,  61,  61,  60,  60,  59,  57,  50,  35,  17,   0,   3,  17,  27,  18,   4,   9,  14,  18,  51,  43,   1,  35,  49,  53,  54,  53,  44,  22,   0,  36,  51,  49,  42,   9,  24,  36,   9,  44,  58,  11,  52,  61,  61,  49,  60,  60
	db  42,  53,  59,  60,  59,  57,  60,  61,  63,  63,  61,  60,  60,  59,  60,  60,  60,  61,  61,  60,  60,  60,  59,  56,  50,  44,  38,  30,  24,  28,  28,  24,   6,   1,  22,  47,  56,  34,  14,  24,  27,  33,  41,  43,  38,  24,   6,  30,  46,  43,  39,   3,  14,  38,   8,  39,  48,   8,  60,  62,  54,  58,  59,  50
	db  63,  63,  61,  60,  58,  56,  59,  61,  63,  61,  61,  60,  58,  58,  59,  59,  60,  61,  60,  60,  60,  60,  58,  53,  50,  55,  57,  56,  50,  38,  30,  28,   4,   4,  50,  58,  56,  26,  18,  11,   1,   3,  19,  32,  33,  27,   6,  30,  40,  40,  37,   6,  13,  39,  10,  31,  33,  22,  61,  60,  43,  61,  49,  60
	db  56,  63,  61,  59,  57,  56,  59,  61,  63,  63,  61,  60,  59,  58,  58,  58,  60,  60,  60,  59,  59,  58,  57,  51,  51,  57,  58,  56,  42,  30,  24,  26,   6,  28,  59,  59,  46,   9,  12,   0,  12,  24,  28,  23,   7,   0,   9,  32,  36,  37,  36,  22,  29,  39,   7,  18,  27,  27,  61,  54,  51,  58,  58,  61
	db  63,  58,  58,  57,  56,  57,  60,  61,  63,  63,  61,  59,  57,  56,  56,  57,  59,  60,  58,  57,  56,  57,  56,  51,  53,  57,  56,  29,   4,  11,  27,  31,  23,  56,  61,  56,  27,   2,   0,   9,  21,  39,  48,  41,  38,  35,  32,  31,  34,  37,  36,  31,  35,  39,   5,   4,  19,  23,  59,  33,  57,  57,  63,  60
	db  58,  53,  56,  56,  56,  58,  60,  61,  63,  63,  61,  56,  52,  54,  56,  57,  58,  58,  52,  44,  46,  52,  53,  51,  54,  57,  49,  16,  25,  53,  58,  56,  57,  61,  60,  42,  31,  28,  25,  28,  28,  53,  56,  50,  42,  44,  43,  39,  38,  38,  37,  37,  39,  38,   6,   6,   4,  14,  57,  18,  58,  60,  60,  60
	db  58,  53,  50,  41,  44,  54,  58,  60,  63,  63,  60,  53,  55,  57,  58,  58,  57,  50,  30,  22,  37,  51,  54,  53,  54,  56,  39,  23,  52,  60,  61,  61,  61,  61,  57,  53,  55,  52,  48,  41,  48,  58,  59,  57,  50,  41,  45,  49,  49,  43,  41,  44,  40,  37,   7,  18,  16,   7,  49,  12,  53,  62,  56,  60
	db  63,  55,  49,  47,  52,  56,  58,  60,  61,  63,  60,  55,  57,  60,  59,  57,  48,  26,   0,  11,  44,  57,  56,  51,  51,  54,  34,  34,  58,  61,  61,  63,  63,  60,  58,  60,  60,  60,  60,  60,  60,  61,  60,  60,  57,  54,  51,  53,  56,  57,  56,  51,  42,  35,   7,  27,  33,   0,  33,  15,  29,  63,  47,  59
	db  58,  58,  53,  52,  56,  57,  58,  60,  62,  61,  58,  57,  60,  60,  58,  45,  23,   3,  10,  25,  57,  58,  42,  30,  41,  49,  35,  51,  60,  61,  63,  63,  61,  61,  61,  62,  61,  61,  63,  63,  63,  63,  61,  61,  60,  59,  54,  49,  46,  50,  54,  52,  41,  34,   6,  30,  47,   9,  14,  17,  14,  61,  38,  56
	db  50,  59,  57,  56,  57,  59,  61,  61,  59,  57,  57,  59,  61,  60,  53,  24,   1,   5,  18,  53,  59,  46,   1,   9,  46,  51,  49,  58,  61,  63,  63,  63,  63,  63,  62,  63,  63,  63,  63,  63,  61,  61,  63,  63,  62,  61,  58,  54,  50,  42,  39,  38,  36,  30,   9,  31,  52,  26,   0,  14,  37,  59,  41,  38
	db  39,  63,  60,  58,  57,  60,  61,  58,  57,  58,  60,  61,  62,  60,  41,  14,  20,  36,  57,  60,  57,  12,  20,  39,  59,  58,  57,  61,  63,  61,  61,  63,  62,  61,  61,  63,  61,  61,  61,  61,  63,  61,  61,  61,  61,  63,  60,  57,  52,  42,  32,  23,  15,   3,  20,  33,  56,  37,  12,   4,  42,  38,  54,  19
	db  27,  55,  61,  59,  58,  60,  61,  60,  61,  63,  63,  63,  61,  56,  32,  34,  55,  60,  61,  59,  30,  24,  14,  60,  61,  56,  58,  61,  61,  61,  61,  61,  61,  60,  61,  63,  61,  61,  61,  61,  63,  61,  61,  60,  60,  61,  61,  60,  56,  51,  41,  30,  10,  10,  27,  37,  56,  50,  24,   6,  42,  15,  57,   0
	db   7,  45,  63,  61,  59,  60,  63,  61,  63,  61,  62,  61,  57,  44,  45,  58,  63,  63,  59,  34,  11,   6,  58,  63,  57,  43,  60,  61,  60,  61,  61,  61,  59,  60,  63,  63,  61,  60,  60,  61,  63,  63,  61,  61,  61,  61,  63,  60,  57,  54,  41,  27,   9,   9,  30,  46,  56,  53,  31,  20,  37,  34,  54,   1
	db   0,  28,  61,  63,  60,  59,  61,  63,  61,  61,  63,  59,  53,  57,  61,  62,  61,  61,  40,   3,  25,  59,  63,  60,  35,  58,  60,  59,  61,  61,  61,  59,  58,  61,  63,  63,  61,  60,  61,  61,  61,  63,  61,  61,  62,  63,  63,  61,  58,  56,  43,  31,  29,  20,   5,  34,  51,  51,  34,  29,  32,  49,  46,  15
	db   6,  19,  58,  62,  61,  59,  59,  61,  61,  61,  61,  58,  58,  63,  60,  60,  63,  56,  24,  38,  60,  62,  60,  38,  50,  61,  58,  63,  61,  61,  59,  57,  58,  61,  63,  61,  61,  61,  61,  61,  63,  61,  61,  61,  63,  63,  61,  60,  58,  56,  44,  38,  46,  43,  38,  24,   6,  28,  31,  32,  32,  51,  29,  22
	db   4,  14,  50,  60,  63,  60,  58,  60,  60,  61,  60,  58,  61,  60,  60,  63,  57,  38,  42,  60,  61,  61,  40,  48,  61,  57,  61,  60,  63,  59,  57,  57,  60,  61,  63,  61,  61,  61,  62,  61,  63,  61,  61,  61,  61,  63,  62,  60,  58,  56,  44,  42,  54,  39,   9,   2,   0,   5,  24,  33,  35,  51,   4,  30
	db   4,  16,  39,  58,  61,  61,  58,  59,  60,  62,  60,  60,  63,  59,  61,  60,  51,  54,  60,  61,  63,  52,  36,  62,  57,  61,  59,  61,  60,  58,  57,  59,  60,  61,  63,  61,  61,  63,  63,  63,  63,  61,  61,  61,  63,  63,  61,  61,  59,  56,  42,  41,  57,  42,  12,  27,  39,  47,  42,  40,  40,  50,  10,  32
	db   3,  15,  36,  53,  59,  63,  60,  59,  60,  63,  60,  61,  61,  60,  63,  57,  56,  61,  61,  63,  58,  33,  58,  60,  61,  58,  60,  61,  58,  56,  53,  57,  60,  61,  63,  63,  63,  63,  63,  63,  61,  61,  61,  63,  63,  61,  61,  61,  60,  57,  50,  49,  57,  50,  12,   3,  12,  12,   1,  23,  32,  38,   3,  31
	db   1,  15,  33,  41,  51,  60,  61,  60,  61,  63,  60,  60,  63,  63,  60,  57,  60,  63,  62,  60,  39,  40,  63,  60,  60,  57,  63,  60,  56,  45,  47,  56,  59,  61,  61,  63,  63,  63,  63,  61,  61,  61,  61,  63,  63,  62,  61,  61,  62,  61,  60,  58,  58,  54,   3,  20,  34,  30,  34,  35,  20,   2,  21,  30
	db   0,  16,  32,  30,  34,  51,  61,  63,  63,  63,  60,  59,  60,  61,  60,  59,  61,  63,  61,  52,  27,  57,  61,  63,  56,  58,  63,  59,  49,  38,  48,  56,  58,  61,  61,  63,  63,  63,  61,  61,  61,  61,  61,  61,  63,  61,  60,  57,  59,  60,  61,  61,  60,  53,   5,  31,  49,  44,  50,  46,  41,  38,  36,  24
	db   5,  25,  32,  20,  16,  32,  57,  61,  62,  61,  59,  57,  55,  59,  60,  60,  61,  63,  60,  36,  28,  60,  63,  59,  44,  58,  63,  59,  50,  49,  52,  56,  60,  63,  61,  61,  63,  61,  61,  61,  61,  62,  61,  61,  63,  61,  61,  56,  60,  60,  56,  44,  44,  35,  15,  34,  57,  54,  57,  51,  41,  37,  32,  20
	db  23,  33,  30,   7,   0,   8,  42,  57,  60,  60,  58,  53,  45,  57,  60,  60,  61,  61,  57,  25,  27,  61,  61,  50,  39,  57,  61,  60,  56,  56,  56,  58,  61,  61,  60,  61,  63,  61,  61,  61,  61,  61,  63,  63,  63,  61,  61,  57,  60,  61,  60,  58,  52,  39,  35,  52,  58,  58,  57,  41,  22,  21,  26,  30
	db  31,  34,  19,   2,  10,   5,  26,  50,  58,  59,  57,  52,  37,  53,  58,  59,  60,  59,  44,  10,  28,  60,  60,  34,  34,  54,  60,  61,  58,  57,  58,  61,  61,  59,  60,  61,  61,  61,  61,  58,  58,  60,  61,  61,  63,  61,  61,  60,  59,  61,  52,  54,  59,  60,  60,  60,  60,  59,  58,  38,  14,  21,  32,  38
	db  28,  21,   3,   2,  20,  18,  10,  32,  56,  57,  57,  52,  36,  47,  57,  57,  58,  57,  30,   1,  30,  60,  60,  29,  32,  50,  60,  61,  60,  58,  58,  61,  60,  59,  60,  63,  61,  61,  60,  56,  61,  61,  61,  61,  63,  61,  61,  61,  59,  61,  51,  53,  59,  60,  60,  61,  60,  60,  58,  39,  24,  34,  40,  42
	db  22,  14,   6,   8,  25,  20,   0,  21,  49,  56,  57,  52,  37,  43,  56,  56,  56,  52,  26,   9,  44,  60,  59,  28,  31,  50,  60,  63,  61,  59,  58,  61,  63,  61,  62,  63,  61,  63,  60,  56,  63,  60,  63,  61,  61,  61,  61,  61,  61,  60,  57,  50,  61,  63,  63,  63,  61,  60,  58,  39,  34,  44,  45,  39
	db  28,  23,   7,  11,  22,  19,   3,   8,  38,  50,  54,  52,  38,  39,  56,  54,  49,  45,  29,  24,  56,  61,  58,  30,  32,  50,  59,  63,  61,  60,  58,  59,  60,  61,  61,  61,  61,  63,  60,  56,  62,  61,  57,  36,  32,  45,  58,  61,  61,  59,  60,  45,  61,  61,  61,  63,  61,  58,  50,  37,  41,  51,  48,  43
	db  32,  25,   9,   2,  14,  16,   7,   2,  31,  41,  50,  51,  38,  35,  51,  54,  37,  36,  33,  34,  57,  61,  57,  31,  33,  50,  58,  61,  61,  60,  58,  57,  59,  60,  60,  61,  63,  61,  58,  54,  63,  60,  52,  54,  61,  63,  61,  60,  60,  59,  60,  51,  59,  61,  63,  60,  57,  48,  36,  40,  51,  52,  51,  50
	db  33,  25,  18,   1,  19,  20,  13,   2,  27,  35,  42,  48,  38,  30,  43,  54,  31,  26,  39,  42,  58,  60,  56,  36,  39,  51,  58,  61,  63,  61,  58,  56,  58,  59,  60,  63,  60,  57,  54,  54,  61,  59,  56,  58,  60,  60,  60,  60,  63,  61,  60,  52,  57,  61,  63,  58,  49,  34,  35,  50,  56,  54,  56,  54
	db  33,  29,  13,  21,  33,  29,  10,   7,  25,  32,  37,  43,  36,  27,  34,  51,  33,  10,  41,  52,  58,  60,  54,  44,  52,  55,  58,  61,  63,  61,  58,  55,  58,  59,  61,  61,  60,  57,  56,  57,  61,  59,  60,  56,  60,  63,  59,  59,  60,  59,  56,  42,  57,  63,  63,  57,  36,  28,  36,  53,  56,  57,  58,  56
	db  33,  28,   6,  37,  36,  16,   2,  20,  28,  30,  34,  38,  34,  23,  30,  44,  38,   1,  34,  56,  59,  60,  54,  52,  57,  58,  60,  61,  63,  61,  58,  54,  57,  59,  61,  61,  60,  60,  61,  63,  61,  59,  61,  43,  60,  63,  50,  37,  37,  33,  31,  42,  60,  61,  61,  48,  24,  22,  35,  53,  56,  58,  58,  56
	db  35,  11,  30,  38,  18,   9,  19,  21,  23,  27,  31,  35,  32,  19,  23,  40,  41,   1,  15,  54,  59,  59,  56,  57,  59,  59,  60,  61,  62,  61,  57,  53,  57,  59,  61,  61,  61,  61,  62,  61,  60,  61,  60,  40,  63,  61,  48,  43,  57,  58,  59,  61,  63,  63,  57,  25,   4,  16,  33,  52,  56,  59,  58,  54
	db  27,   7,  36,  24,   7,  24,   6,   5,   0,  14,  28,  33,  30,  16,  17,  37,  40,   0,   3,  51,  58,  59,  56,  58,  60,  59,  60,  60,  61,  61,  57,  53,  57,  59,  61,  61,  61,  60,  61,  61,  60,  59,  52,  42,  63,  60,  54,  41,  60,  63,  63,  61,  61,  60,  31,   3,  13,  25,  38,  52,  56,  58,  59,  54
	db  15,  26,  29,   0,  30,  22,  19,  35,  31,  12,  11,  27,  27,  13,   9,  34,  39,   7,  19,  42,  57,  58,  57,  60,  60,  58,  59,  60,  63,  61,  58,  57,  58,  58,  61,  61,  61,  60,  60,  60,  59,  57,  56,  58,  63,  60,  58,  32,  60,  63,  63,  63,  60,  40,   3,  13,  34,  49,  52,  54,  56,  58,  59,  56
	db  12,  24,   2,  28,  38,  16,  25,  29,   2,  15,  15,  17,  17,   9,  10,  30,  37,  18,  24,  38,  56,  58,  56,  60,  60,  57,  57,  60,  63,  61,  60,  59,  58,  60,  61,  61,  61,  61,  60,  61,  61,  61,  61,  63,  61,  61,  58,  27,  58,  63,  61,  58,  42,   8,   0,  23,  39,  46,  54,  57,  58,  60,  59,  56
	db   6,  13,  29,  46,  41,  20,  13,   2,  46,  51,  42,  32,  21,   9,  13,  32,  34,  24,  25,  40,  53,  57,  56,  60,  59,  56,  54,  59,  63,  61,  60,  60,  61,  63,  63,  61,  61,  61,  60,  61,  61,  61,  63,  63,  63,  60,  48,  20,  56,  61,  60,  51,  22,   3,   1,  27,  33,  50,  58,  60,  60,  60,  59,  57
	db   0,   0,  48,  50,  34,  23,  10,  37,  57,  38,   2,  14,   0,  14,  23,  33,  27,  30,  27,  39,  51,  56,  53,  58,  58,  54,  50,  58,  61,  61,  60,  60,  61,  63,  61,  61,  61,  61,  61,  61,  61,  61,  60,  58,  53,  39,  16,  19,  56,  61,  59,  37,   0,   9,   1,  24,  32,  56,  58,  59,  59,  59,  58,  53
	db   5,  30,  56,  37,  21,  25,  39,  54,  58,  28,  38,  44,  37,  27,   0,  19,   6,  35,  27,  35,  46,  54,  49,  56,  58,  52,  44,  58,  61,  61,  60,  60,  61,  63,  61,  60,  60,  60,  61,  61,  61,  61,  58,  41,  23,   9,   9,  32,  58,  61,  54,  15,  11,  10,   3,  21,  36,  57,  58,  59,  59,  58,  52,  15
	db  13,  49,  46,  15,  24,  50,  57,  60,  59,  32,  24,  20,  43,  41,  16,   3,  20,  36,  22,  28,  40,  51,  38,  50,  57,  50,  40,  56,  61,  61,  60,  60,  61,  61,  61,  63,  61,  61,  61,  61,  62,  61,  56,  30,  24,  32,  41,  56,  60,  58,  34,   7,  18,   8,   4,  18,  40,  58,  59,  60,  60,  56,  27,   2
	db  44,  48,  22,  24,  58,  61,  62,  61,  60,  48,  12,  52,  60,  54,  41,  30,   5,  17,   7,  20,  33,  50,  26,  40,  56,  46,  37,  50,  60,  63,  60,  60,  61,  60,  59,  60,  61,  63,  63,  63,  63,  61,  54,  31,  51,  58,  60,  61,  60,  52,   7,  17,  12,   2,   6,  21,  50,  58,  60,  60,  60,  58,  53,  50
	db  45,  28,  17,  59,  61,  61,  60,  59,  58,  56,  40,  58,  59,  14,  28,  38,  32,  19,   5,   7,  30,  46,  16,  26,  50,  42,  37,  39,  56,  61,  61,  61,  61,  60,  57,  59,  61,  63,  63,  63,  63,  61,  50,  39,  58,  61,  63,  61,  57,  34,   1,   3,   0,   6,  12,  36,  57,  59,  60,  61,  61,  60,  60,  60
	db  32,  26,  55,  63,  61,  44,  30,  40,  53,  57,  57,  59,  58,   1,  17,   5,  10,   9,   9,   3,  31,  43,   9,   6,  39,  42,  37,  33,  38,  61,  61,  63,  63,  60,  57,  60,  63,  62,  63,  63,  61,  58,  44,  51,  61,  63,  61,  58,  46,  23,   9,  12,  23,  22,  37,  56,  58,  60,  61,  61,  61,  61,  61,  59
	db  34,  49,  61,  63,  54,  37,  59,  63,  63,  61,  60,  60,  58,   7,  19,  59,  60,  59,  57,  53,  50,  40,   1,  12,  32,  39,  38,  30,  16,  58,  59,  61,  63,  61,  58,  61,  61,  63,  63,  63,  60,  57,  56,  60,  62,  62,  61,  56,  42,  33,  31,  34,  33,  39,  56,  58,  60,  61,  61,  63,  63,  61,  61,  56
	db  44,  58,  61,  58,  40,  58,  60,  59,  60,  61,  63,  61,  58,  27,  42,  61,  56,  20,   0,   5,  17,  11,  15,  23,  19,  33,  38,  30,   5,  41,  56,  57,  61,  63,  61,  63,  60,  63,  61,  61,  63,  61,  63,  61,  61,  63,  60,  56,  54,  51,  51,  50,  46,  52,  57,  59,  61,  63,  61,  61,  63,  63,  61,  54
	db  54,  59,  60,  52,  54,  63,  59,  63,  59,  56,  54,  54,  50,  38,  54,  63,  50,  25,  34,  38,  46,  49,  41,  29,   8,  26,  38,  28,  23,   2,  52,  41,  60,  61,  63,  61,  60,  62,  59,  59,  60,  59,  58,  59,  61,  61,  59,  58,  59,  59,  58,  56,  56,  57,  58,  60,  61,  61,  60,  61,  61,  63,  60,  57
	db  58,  59,  58,  56,  61,  60,  61,  60,  50,  56,  60,  58,  57,  57,  61,  63,  51,  16,   3,   0,   0,   2,  15,  12,   7,  19,  34,  24,  18,  30,  38,  24,  56,  61,  60,  61,  60,  62,  58,  58,  57,  56,  57,  60,  63,  61,  60,  60,  61,  61,  60,  58,  58,  58,  58,  60,  63,  60,  60,  61,  61,  61,  58,  59
	db  58,  58,  58,  61,  61,  60,  63,  55,  51,  63,  60,  58,  59,  60,  61,  61,  54,   2,  19,  16,  15,  18,  16,  13,  10,  19,  31,  24,   0,  51,  23,   6,  29,  60,  56,  60,  60,  63,  58,  57,  56,  54,  58,  61,  63,  63,  63,  63,  63,  61,  60,  59,  58,  57,  58,  61,  61,  61,  61,  61,  63,  60,  60,  61
	db  58,  58,  60,  63,  61,  63,  60,  48,  58,  61,  60,  63,  61,  62,  62,  60,  49,   6,  35,  32,  40,  42,  41,  39,  37,  35,  34,  24,   7,  56,   4,   9,  16,  59,  49,  56,  60,  61,  61,  58,  56,  56,  58,  61,  61,  61,  61,  61,  63,  61,  61,  60,  58,  57,  60,  61,  63,  61,  61,  63,  61,  61,  60,  61
	db  58,  58,  62,  61,  61,  60,  54,  49,  60,  60,  61,  56,  46,  43,  40,  37,  28,  24,  45,  49,  54,  50,  43,  38,  37,  38,  34,  22,   6,  56,  30,  13,  39,  56,  39,  30,  60,  60,  63,  60,  57,  57,  59,  60,  60,  60,  60,  61,  63,  61,  61,  59,  57,  58,  60,  61,  62,  61,  61,  62,  61,  59,  60,  61
	db  61,  63,  61,  60,  63,  58,  47,  56,  61,  60,  63,  49,  48,  55,  57,  56,  54,  51,  56,  56,  58,  56,  52,  48,  38,  30,  22,  17,   2,  57,  44,  12,  53,  50,  35,   5,  59,  60,  60,  61,  58,  58,  59,  59,  58,  58,  59,  61,  63,  61,  60,  58,  58,  60,  61,  63,  61,  61,  63,  63,  60,  60,  61,  63
	db  58,  59,  61,  61,  61,  52,  52,  60,  63,  60,  63,  43,  49,  56,  57,  58,  59,  60,  59,  59,  60,  58,  56,  55,  51,  32,   0,  27,  49,  59,  45,  14,  56,  30,  30,  34,  58,  60,  56,  62,  59,  60,  60,  59,  57,  57,  60,  61,  63,  61,  59,  58,  59,  60,  61,  63,  61,  61,  61,  61,  61,  61,  63,  63
	db  58,  59,  61,  61,  57,  52,  60,  63,  60,  60,  63,  45,  48,  54,  60,  61,  61,  61,  61,  61,  61,  60,  57,  56,  57,  55,  36,   6,  45,  53,  31,  22,  57,  11,  28,  44,  57,  60,  35,  60,  60,  61,  61,  60,  57,  58,  61,  63,  63,  60,  59,  59,  60,  61,  63,  61,  61,  61,  61,  63,  63,  61,  61,  61

